686 7
3.6216 8.6661 -2.8073 -0.44699 7.72158188453956 -20.088661143820083 -19.15070730419836
3.866 -2.6383 1.9242 0.10645 -11.568982684102636 -14.655699081055802 16.602233554565267
0.32924 -4.4552 4.5718 -0.9888 -28.068049824547636 0.8780524124316322 -27.29880099969741
3.5912 3.0129 0.72888 0.56421 25.48322266684692 23.12902289229354 -28.622410849451345
3.2032 5.7588 -0.75345 -0.61251 -10.1100874643709 9.403606189557003 5.768779182870944
1.2247 8.7779 -2.2135 -0.80647 0.23181395528886384 16.000045213380822 18.37088786737116
1.8993 7.6625 0.15394 -3.1108 -12.192887633032854 5.2861854842174765 5.61302635704488
3.404 8.7261 -2.9915 -0.57242 2.0675863599237516 18.015170924263657 -5.989903912155384
2.6719 3.0646 0.37158 0.58619 -4.975766721670077 1.6584434139647435 8.64313975409474
1.4479 -4.8794 8.3428 -2.1086 -4.223527100238613 4.853609535666216 12.152630099774491
5.7867 7.8902 -2.6196 -0.48708 3.2625303730143287 -6.31618502235083 -0.40112886821857074
3.9362 10.1622 -3.8235 -4.0172 -14.803935994451827 -6.781113370995165 4.459676629207337
4.4338 9.887 -4.6795 -3.7483 -18.00518283937849 -10.373836927821078 -20.331791593014536
1.1432 -3.7413 5.5777 -0.63578 15.520629656889803 -6.149474649825606 21.67459393840246
6.5633 9.8187 -4.4113 -3.2258 25.948405257036953 -24.22015627179134 11.546399968769045
-0.24811 -0.17797 4.9068 0.15429 -2.713724541246169 -26.849460679055955 -6.798134005512463
4.2969 7.617 -2.3874 -0.96164 -18.383300389130003 -29.20813576193 1.7930092117587577
-1.6162 0.80908 8.1628 0.60817 -0.4835839780500777 14.646359676853095 20.737578740768406
2.6881 6.0195 -0.46641 -0.69268 -13.782717537003933 -13.948610268512219 -9.294333334767877
4.5679 3.1929 -2.1055 0.29653 -4.967181358277628 -11.848120500034891 13.201313000406913
4.1711 8.722 -3.0224 -0.59699 0.10957611626181318 19.58982553054318 -7.890160431245473
-0.0068919 9.2931 -0.41243 -1.9638 23.285195718182273 17.361179244190183 -4.606530792780916
2.8561 6.9176 -0.79372 0.48403 7.944655044083781 -29.067356722391644 -21.073219391628268
2.0843 6.6258 0.48382 -2.2134 -25.201693111841458 14.568104097518834 -5.982773822677203
3.9102 6.065 -2.4534 -0.68234 -10.23877658034949 22.808702807684405 -8.992195948818846
4.3239 -4.8835 3.4356 -0.5776 2.9053898672302907 25.00399924906086 -25.57273228721794
3.1452 5.825 -0.51439 -1.4944 1.3084953097121748 -14.498507094511437 5.57906100403563
4.9264 5.496 -2.4774 -0.50648 28.704902216229335 14.238339005088932 0.45778093088937766
2.5635 6.7769 -0.61979 0.38576 4.550309981845061 25.22628289616796 16.351266923323642
3.1377 -4.1096 4.5701 0.98963 3.7659739348877324 25.184436234692434 1.3207524136050743
2.888 0.44696 4.5907 -0.24398 18.455258885896903 -8.388739228064303 -13.35028206958826
4.2586 11.2962 -4.0943 -4.3457 23.197050335767557 29.216293906714178 4.461269003219407
5.4021 3.1039 -1.1536 1.5651 16.514772028858083 -3.4228567828908503 28.166338688754344
4.6054 -4.0765 2.7587 0.31981 28.661365461465905 23.032213437922763 28.617393626512317
1.0009 7.7846 -0.28219 -2.6608 5.662275833493695 -24.90542398723271 -18.561925765600016
3.9529 -2.3548 2.3792 0.48274 19.07643163549959 16.017902618507932 -25.010255484646557
4.7181 10.0153 -3.9486 -3.8582 27.02655102647887 -2.21949471130457 -13.03268440865342
4.4069 10.9072 -4.5775 -4.4271 -25.40931153549227 29.718115382846698 25.25078477393454
3.7935 7.9853 -2.5477 -1.872 12.276941718354081 16.591698030179963 19.63196584470957
0.24835 7.6439 0.9885 -0.87371 10.10393881254437 7.9240107728152935 28.999589288255763
2.8033 9.0862 -3.3668 -1.0224 1.0010846531221702 26.00929569730799 2.4876850416656637
5.0185 8.5978 -2.9375 -1.281 3.698567734016045 -17.536359152189316 -15.699981309860746
3.245 6.63 -0.63435 0.86937 -10.523705351664631 3.2785895919556793 1.293587963911996
-1.1313 1.9037 7.5339 1.022 -25.680993094163014 19.867156655389685 25.837288021826964
4.1197 -2.7956 2.0707 0.67412 6.351922258266917 20.82111098255595 -0.07551916639805611
1.4806 7.6377 -2.7876 -1.0341 18.19853472627647 -25.179533149326993 10.3967773964728
4.3064 8.2068 -2.7824 -1.4336 9.748853516679212 25.04130858296066 19.87925260362561
3.2718 1.7837 2.1161 0.61334 18.849912181309342 16.300062318236392 27.900186680644104
2.9543 1.076 0.64577 0.89394 -9.284910037172097 -2.0710719944215548 12.326723299841149
3.82 10.9279 -4.0112 -5.0284 -22.362585575168875 19.134730314707426 -27.23225464260145
3.3669 -5.1856 3.6935 -1.1427 29.944374087458726 21.12175389649302 -10.170059475817123
5.1129 -0.49871 0.62863 1.1189 -11.01335683591557 26.076263639371007 -29.072569205673172
4.2027 0.22761 0.96108 0.97282 -20.714658866989524 -10.631849662165912 -17.186589910692494
2.3136 10.6651 -3.5288 -4.7672 -25.429958447236075 -0.14076751328892811 -24.253060858964368
3.106 9.5414 -4.2536 -4.003 -4.454975481664928 7.663875742303233 -27.726173089860456
3.9922 -4.4676 3.7304 -0.1095 10.892805275472945 -16.95121206865433 -5.9531003138926835
3.2351 9.647 -3.2074 -2.5948 -5.709932389145461 -13.046592840455276 -12.525448528779318
1.7819 6.9176 -1.2744 -1.5759 15.254854931495935 14.295823836880004 -10.17041302970986
3.8969 7.4163 -1.8245 0.14007 8.331114368490276 -21.788239427778294 -14.032736577554443
2.8969 0.70768 2.29 1.8663 22.874776237389497 -23.862284761194516 27.632725273324624
3.4642 10.6878 -3.4071 -4.109 17.96588651794255 1.0109356226660111 8.99437393347469
-1.4572 9.1214 1.7425 -5.1241 15.378259203000013 0.020547715312456916 -17.380841728709125
-0.91718 9.9884 1.1804 -5.2263 -1.1455696377844689 17.157538698825583 26.412121137628425
-2.343 12.9516 3.3285 -5.9426 13.661384999228815 22.958862445313592 -1.8411552133829368
4.6689 1.3098 0.055404 1.909 5.469896121146512 -15.293359827899238 -16.241236457762575
3.2697 -4.3414 3.6884 -0.29829 22.95265736399581 -24.168330285007173 -10.447493260716033
2.0139 6.1416 0.37929 0.56938 -23.648920403144587 -12.538223356970757 -6.763577281214179
-1.0401 9.3987 0.85998 -5.3336 -22.354779646626355 0.7979218693570616 0.8136776718788568
5.438 9.4669 -4.9417 -3.9202 8.525267506253684 13.22417095588191 28.65461226367168
5.2418 10.5388 -4.1174 -4.2797 -14.18893899441965 -18.199133090437392 -16.50368994413445
2.0911 0.94358 4.5512 1.234 23.060831074734402 10.958756245005496 -17.346983191238838
4.1736 3.3336 -1.4244 0.60429 -7.442247988344427 -20.801658532032818 -26.18740159127871
3.8481 10.1539 -3.8561 -4.2228 -25.23631170130611 1.9539393608381133 -0.9640855718729995
3.8584 0.78425 1.1033 1.7008 10.593392633673808 5.392014394596018 -24.132096058555398
3.6277 0.9829 0.68861 0.63403 -20.58767618946451 24.868476603068345 24.608634633127977
4.5447 8.2274 -2.4166 -1.5875 19.968397975835508 -22.40719850076647 18.58768384588346
5.0691 0.21313 0.20278 1.2095 27.296291677479076 10.439647307266029 -7.623840873119768
1.9358 8.1654 -0.023425 -2.2586 -5.435815903357323 -14.185019009511135 -8.980816319604642
2.4226 -4.5752 5.947 0.21507 -11.469226239582838 -20.251393716085 -1.619447024817191
2.2634 -4.4862 3.6558 -0.61251 24.48289382424945 -3.6822849867388 -9.604873458166551
5.0452 3.8964 -1.4304 0.86291 5.4498315455791655 -13.708840923315783 -28.638711105215503
0.17346 7.8695 0.26876 -3.7883 -14.920523745648959 -20.057557980706214 -22.80921300410123
4.8851 1.5995 -0.00029081 1.6401 -26.820093768045727 29.183453468662243 -14.210825108883917
1.1166 8.6496 -0.96252 -1.8112 -10.372332580463812 1.228272065216295 -19.916802939932715
-1.803 11.8818 2.0458 -5.2728 -23.41087804110234 -4.978055905867905 13.639758267118829
0.5706 -0.0248 1.2421 -0.5621 8.547436177511855 -23.671390330154182 26.1073956067591
-1.6952 1.0657 8.8294 0.94955 7.115793345551197 1.118266147444821 -4.820038504498758
1.8799 2.4707 2.4931 0.37671 -28.4556266080916 15.887169104548278 -26.68648138368961
0.19081 9.1297 -3.725 -5.8224 -8.198668172119937 -26.988464753464445 -5.932890919921391
-0.13144 -1.7775 8.3316 0.35214 20.915547647083976 -0.28317836676180264 16.66172390506341
1.6426 3.0149 0.22849 -0.147 -12.613996176353282 -1.0734194214672996 16.235300465494603
-0.69572 8.6165 1.8419 -4.3289 15.785492286922732 -15.081669417671993 -12.79376164645393
-1.7559 11.9459 3.0946 -4.8978 -6.965953392056306 -15.929860580371768 -26.916705156774878
3.2585 -4.4614 3.8024 -0.15087 7.462700891924541 17.158965199287536 18.325607841043947
4.5645 -3.6275 2.8684 0.27714 29.038227941201754 -16.52372936358512 16.10296035728892
0.9297 -3.7971 4.6429 -0.2957 -16.379250997117172 -12.135922927820005 -29.72975862266613
1.4578 -0.08485 4.1785 0.59136 -16.433239362951447 19.926579572233564 -24.301297881296364
-2.341 12.3784 0.70403 -7.5836 28.744483012953125 -25.256529391044396 -13.933871782642917
4.1454 7.257 -1.9153 -0.86078 5.987607404398993 1.7919988670479299 -6.142821462637002
4.0215 -2.1914 2.4648 1.1409 -25.66639547628074 12.335309542146135 2.733466191104881
-2.0897 10.8265 2.3603 -3.4198 19.397335813828953 18.27033335100368 24.623178522325958
-0.78689 9.5663 -3.7867 -7.5034 29.474538337428832 -19.56717242525948 1.349420920739803
0.83292 7.5404 0.65005 -0.92544 13.85027826959925 -15.834711070493215 6.5410520538167205
5.3063 5.2684 -2.8904 -0.52716 -14.447886072091594 19.80561432759385 -5.6986660103788935
2.1059 7.6046 -0.47755 -1.8461 -0.04163189557814562 0.9352086822795584 -13.467217017777699
4.2899 9.1814 -4.6067 -4.3263 -28.735474320297737 -16.841671091628445 -5.22631898421232
2.614 8.0081 -3.7258 -1.3069 -20.184439622463373 -28.36663106014536 18.705871938436303
4.1962 0.74493 0.83256 0.753 18.331612369976725 28.553317383119897 -7.858598584648927
1.3234 3.2964 0.2362 -0.11984 17.455442101782047 24.04185569576199 28.861893824455954
-0.16735 7.6274 1.2061 -3.6241 -21.65490770687186 -24.952253607712535 26.63352317252918
-2.2261 12.5398 2.9438 -3.5258 14.51868296496697 -24.876604385467523 -29.0053774558645
1.0987 0.6394 5.989 -0.58277 0.8244330808715858 14.43756316031913 -3.1157125071367133
-0.36038 4.1158 3.1143 -0.37199 -27.521232303744732 -20.440807795254976 -27.509488825202432
0.5706 -0.0248 1.2421 -0.5621 7.14604157188063 8.298147195075401 -20.87579144753318
3.1219 -3.137 1.9259 -0.37458 11.963162118625469 8.864987245639782 -0.020439210217794823
-1.3389 1.552 7.0806 1.031 -23.759997350604486 11.91693751571168 -20.74010291986455
2.2596 -0.033118 4.7355 -0.2776 12.25493355675605 -11.470957295336756 -27.617202562788666
2.7296 2.8701 0.51124 0.5099 -0.9560999133658967 16.84937355685669 -18.493078206241943
-1.3274 9.498 2.4408 -5.2689 -23.35958336912328 1.0448373793378494 20.89600407709524
3.9994 0.90427 1.1693 1.6892 15.020338603391288 0.882603951636284 -3.2898318196601757
3.2704 6.9321 -1.0456 0.23447 20.928457534332438 13.034189946844577 21.994871281613285
1.6406 3.5488 1.3964 -0.36424 13.856955670836506 24.617869132863873 -21.81260115805695
2.4287 9.3821 -3.2477 -1.4543 -23.398844122866887 -24.036952992883172 -8.749569871621027
1.6472 0.48213 4.7449 1.225 27.174510297784252 -16.653804619285516 -19.964660933933143
0.3798 0.7098 0.7572 -0.4444 17.487696645649855 18.92043414430978 26.681807414801348
4.5691 -4.4552 3.1769 0.0042961 -0.625579166885128 21.58312438644741 -5.814549864351065
0.5734 9.1938 -0.9094 -1.872 -9.805965468100744 -23.167715863215193 10.823111938601087
4.0102 10.6568 -4.1388 -5.0646 16.737019374657635 15.499721435383307 8.578736927457584
3.0934 -2.9177 2.2232 0.22283 9.922442508355324 16.38545693369194 21.68299850168573
3.744 0.79459 0.95851 1.0077 -2.694572138248322 -3.6946925873634733 -13.944847215888707
3.7731 7.2073 -1.6814 -0.94742 -18.173776072561033 -2.7968032819620845 25.792618030823185
1.8114 7.6067 -0.9788 -2.4668 26.537239470992454 5.886546295587529 0.6871910735193225
2.483 6.6155 -0.79287 -0.90863 -17.84720900372335 26.389263651905893 8.757411047323139
-0.016103 9.7484 0.15394 -1.6134 16.773554310717586 -8.55756700478219 20.01847675911273
0.9297 -3.7971 4.6429 -0.2957 13.35933766793675 -19.637229478620842 16.463807327665023
3.8417 10.0215 -4.2699 -4.9159 -16.586792652514006 4.6009174245323194 22.780222074600047
4.4072 -0.070365 2.0416 1.1319 19.030394583200653 -18.771587548380673 20.4808349773295
5.2756 0.13863 0.12138 1.1435 17.440006392299814 -16.23049473647537 -20.22043039499658
4.052 -0.16555 0.45383 0.51248 9.401490555426257 -17.984444371283786 0.6228868276000661
0.89566 7.7763 -2.7473 -1.9353 4.614604325203985 -23.71253058997359 10.996055930309957
0.20977 -0.46146 7.7267 0.90946 -6.036799310109707 7.0611644430243885 -22.70100077402339
2.877 -4.0599 3.6259 -0.32544 -15.027516550958211 -0.666786655393139 18.964971864189764
-1.3 10.2678 -2.953 -5.8638 -19.244421102766417 21.112815605293413 -11.096200892677036
1.3419 -4.4221 8.09 -1.7349 -25.56520681224671 6.47462032380362 -2.938756632541409
0.44125 2.9487 4.3225 0.7155 -14.753387069496968 -0.8769222373727601 -11.055354430849459
2.5678 3.5136 0.61406 -0.40691 1.8337840501948328 -11.052674360909734 24.82936796814085
4.1349 6.1189 -2.4294 -0.19613 18.85967083473969 -0.22228209396211085 -18.24648378924043
2.5068 1.1588 3.9249 0.12585 -11.061661619561225 -23.608905227023172 -22.128121311145712
0.051979 7.0521 -2.0541 -3.1508 17.582154503380245 -3.2484154938935994 24.13779944589149
1.143 0.83391 5.4552 -0.56984 -28.79231819130824 8.773179321775622 13.755071937606338
0.3292 -4.4552 4.5718 -0.9888 -23.644350902771656 -19.68080811858584 -12.573916076183483
1.6849 8.7489 -1.2641 -1.3858 4.815094717085373 -0.3478491318794532 16.923716900572522
2.3729 10.4726 -3.0087 -3.2013 9.864847519803227 12.140145560712668 -1.4626117505152045
0.27451 9.2186 -3.2863 -4.8448 -27.05694928873872 17.224940981431054 -6.066682587231014
4.616 10.1788 -4.2185 -4.4245 -24.336245401695955 0.7881890298019911 -15.215140384862417
4.0215 -2.7004 2.4957 0.36636 11.62996248758295 -16.543185016346467 -26.16682873790466
1.5902 2.2948 3.2403 0.18404 16.54034489703411 -21.695240886414318 12.526856384666544
1.1811 8.3847 -2.0567 -0.90345 6.126321691251697 19.070468306574426 28.002644714224452
5.7353 5.2808 -2.2598 0.075416 19.987314933678668 15.51235998348183 7.819779346567721
1.5799 -4.7076 7.9186 -1.5487 15.129917777781415 -24.736409859617638 -15.800658936388672
0.5195 -3.2633 3.0895 -0.9849 2.36218919999056 10.69538648756241 3.165333577940075
-1.7344 2.0175 7.7618 0.93532 10.433668067311295 1.6701073113288594 -4.027541355474437
3.5257 1.2829 1.9276 1.7991 -0.47492711286465905 7.524084049919821 28.607139006033172
-0.16108 -6.4624 8.3573 -1.5216 24.549676350824598 -2.243103859810798 25.29225714986932
3.5152 6.8224 -0.67377 -0.46898 6.693527192640275 -14.468069115006085 12.489583719096565
1.0607 2.4542 2.5188 -0.17027 8.935621761555936 0.7075094977638194 1.082789104471665
3.5594 1.3078 1.291 1.6556 23.99793811920585 24.49180937196278 -11.12260813852468
3.9294 1.4112 1.8076 0.89782 6.9038738560269834 10.376411112731297 20.01777972326544
3.966 3.9213 0.70574 0.33662 19.22300389139012 -11.469679593040212 29.400351158030787
0.96414 5.616 2.2138 -0.12501 -8.035215086901431 26.992469330023262 18.382054301675552
4.9923 7.8653 -2.3515 -0.71984 -15.608797397975762 -21.07928891612418 -9.531984164742777
4.0329 0.23175 0.89082 1.1823 -21.111388303608898 18.598157063574334 22.28735082624688
3.5982 7.1307 -1.3035 0.21248 -27.593622651563166 13.32461878949698 24.205355597248897
4.0972 0.46972 1.6671 0.91593 3.7957779201921014 -20.047726294266255 -25.199058538048117
3.1088 3.1122 0.80857 0.4336 11.602468854295395 25.583965817388062 -18.713186030660687
-1.2528 10.2036 2.1787 -5.6038 15.132852268163631 24.199754769077714 -13.436128612592157
0.3292 -4.4552 4.5718 -0.9888 -10.015289715920417 -5.639111956436082 -9.22160247076594
3.5458 9.3718 -4.0351 -3.9564 1.0323419610860256 -22.635642902264266 9.79760994860267
2.7206 9.0821 -3.3111 -0.96811 10.98397721480999 12.165401076091477 2.486607276891746
2.6917 10.8161 -3.3 -4.2888 -5.404229272943482 -19.664270644249598 -10.909009025438149
2.7161 -4.2006 4.1914 0.16981 -12.767242832389861 15.645891158388949 -6.298729282520259
1.7452 4.8028 2.0878 0.62627 28.33012935517987 -20.867397158554745 14.922661042919685
5.7823 5.5788 -2.4089 -0.056479 21.061502244014186 11.033240263986428 18.985317752864205
3.5189 6.332 -1.7791 -0.020273 2.4001167505181513 -6.870475340340679 -26.522444445563536
3.4985 3.1639 0.22677 -0.1651 5.086067841297556 4.259441766470047 -19.286014577639556
2.2526 9.9636 -3.1749 -2.9944 7.687465189437155 27.889557788829855 7.298631431015188
0.74307 11.17 -1.3824 -4.0728 -8.2223337157672 -25.1733723101598 -19.349435047025153
-1.5055 0.070346 6.8681 -0.50648 -21.352256029494566 -27.178597539889328 23.047618125837403
3.2303 7.8384 -3.5348 -1.2151 -29.989333129568426 -9.189929556041466 -15.578327065791273
2.8523 9.0096 -3.761 -3.3371 -0.6638254456339716 24.91469037112146 8.11983195845714
1.5099 0.039307 6.2332 -0.30346 -20.972929649236647 7.864934914610636 -5.384538203996549
0.86202 2.6963 4.2908 0.54739 13.070429660904914 -11.228422940381439 -15.89856423104861
0.54777 10.3754 -1.5435 -4.1633 27.58825109124927 5.151722199948075 4.774899668080899
-2.4953 11.1472 1.9353 -3.4638 17.748308550344845 20.86775829253162 2.753827074203741
-2.2527 11.5321 2.5899 -3.2737 -4.364617409112576 5.581658129736972 27.563127765428064
-0.36279 8.2895 -1.9213 -3.3332 7.341560734845331 9.99110902904129 -20.60316696218161
0.86736 5.5643 1.6765 -0.16769 6.893441346965119 -21.22347389936668 -14.498316195599227
-2.2623 12.1177 0.28846 -7.7581 15.750099517748197 6.2045350432893756 24.566979723916127
2.6799 3.1349 0.34073 0.58489 1.467373427025386 -19.715238144956075 16.39012626895989
4.3937 0.35798 2.0416 1.2004 22.230766727973894 21.648283559260776 -23.79450472378641
1.3049 -0.15521 6.4911 -0.75346 -25.085085325460497 4.012022889122981 2.6282152926197284
1.9647 6.9383 0.57722 0.66377 -5.244625909895817 -4.8907365723479685 21.204664048486272
0.3798 0.7098 0.7572 -0.4444 -1.091478520294821 -17.88275109551955 -21.578985338864456
0.14783 7.946 1.0742 -3.3409 24.36952200116456 -23.254046980192022 -28.541417903625206
4.223 1.1319 0.72202 0.96118 6.139574382033345 -18.176481619990085 11.440104571225184
1.941 0.46351 4.6472 1.0879 8.028773701826921 20.815573860676707 20.48031075754053
3.7767 9.7794 -3.9075 -3.5323 -6.891783108709166 -27.08463939036921 22.100817069405835
1.9818 9.2621 -3.521 -1.872 5.160557285776839 1.359907012796814 -5.202495295831021
4.3483 11.1079 -4.0857 -4.2539 14.617734295229042 -7.838420973705386 23.763346725620956
-1.2576 1.5892 7.0078 0.42455 3.2889178534500374 1.6002746315629892 2.7400007705524345
-2.484 12.1611 2.8204 -3.7418 11.552818544957319 -3.2398360486695097 17.94237793822616
4.8368 10.0132 -4.3239 -4.3276 28.800910534062275 -1.7547216972790842 24.946114780530493
1.9429 6.3961 0.092248 0.58102 -15.972844804262865 -19.382132243974347 -13.537948543224655
-1.5222 10.8409 2.7827 -4.0974 -15.824056448950902 12.767242579135434 -19.454396221221934
3.4246 -0.14693 0.80342 0.29136 21.633453216303614 -6.718956363223732 23.158635589172384
1.5691 6.3465 -0.1828 -2.4099 17.21519606545143 -8.94558978118718 -23.092266266591444
5.1776 8.2316 -3.2511 -1.5694 1.6361299887940497 -21.113050597781523 -12.136407906176512
5.6272 10.0857 -4.2931 -3.8142 -10.112571240893239 -1.2094857775194505 13.107750315530765
0.3798 0.7098 0.7572 -0.4444 3.4348911814317376 -20.94826791300176 -23.880411503059364
4.0524 5.6802 -1.9693 0.026279 -25.713811874098184 10.503951659001274 -2.904035280897844
3.4359 0.66216 2.1041 1.8922 -9.783570024399651 -12.547464772504505 -19.899503458956797
3.359 9.8022 -3.8209 -3.7133 27.08443045422547 -9.131159353648663 -21.883646069265914
1.3349 6.1189 0.46497 0.49826 17.454002022068117 -23.859312689680884 0.30177100946119495
2.4527 2.9653 0.20021 -0.056479 16.406036407311234 -20.37180004007245 -28.604801685835437
3.9364 10.5885 -3.725 -4.3133 21.442328411731054 17.27805769635522 -10.194657836217562
3.6922 -3.9585 4.3439 1.3517 8.069988948707007 -8.265236876807982 -15.342911511130916
0.77124 9.0862 -1.2281 -1.4996 -6.97729077995697 -6.216406634315156 15.042659246881144
1.602 6.1251 0.52924 0.47886 -23.17456150832144 1.0165294935718023 -20.241443283487854
2.0007 1.8644 2.6491 0.47369 19.015579532265974 -15.09970730925211 15.972479859200625
4.3848 -3.0729 3.0423 1.2741 -5.384521445933078 4.168410183977599 -14.042823769127843
0.96574 8.393 -1.361 -1.4659 1.8064565465026234 -20.916004454132185 -9.441072271958909
4.9362 7.6046 -2.3429 -0.85302 -11.55795141136775 10.466978994329928 10.965766082840446
5.7403 -0.44284 0.38015 1.3763 27.15561991262068 11.625268991799643 14.590024159218565
1.1472 3.5985 1.9387 -0.43406 -15.238490187141165 -25.41833070221714 19.386428097770178
4.5707 7.2094 -3.2794 -1.4944 -22.23513310244385 17.997483021348536 27.761155457860333
0.87256 9.2931 -0.7843 -2.1978 17.249197563833704 -1.2664337857785313 -7.286200629094996
3.8384 6.1851 -2.0439 -0.033204 17.007984238493762 -26.504883895649005 -15.683412058497934
2.5817 9.7546 -3.1749 -2.9957 -12.630210930536997 6.1120660400576625 -11.793581908748372
0.3798 0.7098 0.7572 -0.4444 -26.66017871780295 18.47216816620564 -0.26352509823698966
-1.7781 0.8546 7.1303 0.027572 20.145216201143107 1.7250186955968658 -24.423198992261256
0.94732 -0.57113 7.1903 -0.67587 -21.495346413088253 -29.992397824357738 7.744220336518829
0.0071249 8.3661 0.50781 -3.8155 -11.31200225314014 18.239104558453874 3.480486818652807
4.7432 2.1086 0.1368 1.6543 -25.63072997395693 -4.165185195614313 18.728329029320825
3.8832 6.4023 -2.432 -0.98363 -22.079398579259237 -9.618404901747418 27.614627756190487
1.1315 7.9212 1.093 -2.8444 12.200325496480737 -22.755864982988907 5.391710481166719
1.9321 6.0423 0.26019 -2.053 -13.002385708956329 3.3743363059189804 -2.720441149464939
-1.8411 10.8306 2.769 -3.0901 28.33957391301022 21.382660449781035 1.2597225272228663
2.5698 -4.4076 5.9856 0.078002 -3.252821927718223 -18.499853989576188 18.139564326053815
3.3756 -4.0951 4.367 1.0698 21.975044087220972 -7.642504063387253 25.508578871845906
0.5706 -0.0248 1.2421 -0.5621 -16.492450692020768 -11.466092219116394 7.59268759253208
3.8644 3.7061 0.70403 0.35214 -28.90926539331757 -8.946740602850682 25.686720303860987
2.0051 -6.8638 8.132 -0.2401 16.693358886229852 7.474729028821166 -19.916248551046536
2.8297 6.3485 -0.73546 -0.58665 2.976721245927841 4.797636411100768 21.89986624160688
2.093 8.3061 0.022844 -3.2724 -12.299483798824411 22.47155378396721 26.06978448968271
5.0617 -0.35799 0.44698 0.99868 17.76101472709731 27.838023376720663 -24.643198848968982
3.577 2.4004 1.8908 0.73231 10.695426665431981 -24.3246000065457 -26.10070649963902
2.6648 10.754 -3.3994 -4.1685 19.428867798904157 -20.688874862606326 20.815335207726896
2.0153 1.8479 3.1375 0.42843 -0.8544913434071866 5.433483865477633 -4.899726630188265
-2.3983 12.606 2.9464 -5.7888 23.855013394956387 6.446009206368743 16.433252592841306
4.2406 -2.4852 1.608 0.7155 -21.2360129686738 24.237128065949307 -24.286048334407205
3.1896 5.7526 -0.18537 -0.30087 -16.308893829560528 -3.35234696857896 15.753347002987311
0.52855 0.96427 4.0243 -1.0483 -9.088637208124137 -21.58776630701529 7.563506177074871
0.33111 4.5731 2.057 -0.18967 -7.117161841440325 -14.535612174938173 20.485274100806073
2.2091 7.4556 -1.3284 -3.3021 11.372291162548464 11.555880869663994 -1.808392415750582
3.6244 1.4609 1.3501 1.9284 5.645095325111676 2.0432747019985698 -23.839934179112465
5.7227 5.8312 -2.4097 -0.24527 -7.875885830232377 -29.256564401236528 -10.445433316077668
2.5227 2.2369 2.7236 0.79438 -11.05788387547258 -8.810226767767013 -13.17725097235813
4.8278 7.7598 -2.4491 -1.2216 6.5148167711248774 -23.299884275840938 10.750327705549772
2.7659 0.66216 4.1494 -0.28406 -7.601947474242564 -16.004807237609032 4.183112396109095
0.72252 -0.053811 5.6703 -1.3509 16.888132844374255 16.22974479532546 -13.019269510851508
3.9772 0.33521 2.2566 2.1625 -20.080577089311227 -27.414062129221325 -13.881188226963591
2.8232 10.8513 -3.1466 -3.9784 29.394605981764947 28.302410531113864 7.763895743448117
4.2458 1.1981 0.66633 0.94696 -2.7892449078625354 10.623324189912687 -10.715247921538491
1.4507 8.7903 -2.2324 -0.65259 -25.938422822595157 -3.71930366956094 -5.715153348808002
1.8533 6.1458 1.0176 -2.0401 24.689957066402812 11.159420195776171 18.067257640686442
3.9719 1.0367 0.75973 1.0013 -13.261028234180813 -1.6576325797887357 -12.039719617133695
3.6894 9.887 -4.0788 -4.3664 3.5168341736194293 21.178641675614635 -12.330983953569678
2.6463 -4.8152 6.3549 0.003003 -26.616040807964627 19.086036603092957 -26.623266674773536
1.5673 7.9274 -0.056842 -2.1694 26.56086310303798 25.05687899941158 7.72357835131826
4.3846 -4.8794 3.3662 -0.029324 12.674642755663456 -5.484929573381045 21.923926301595245
4.0446 11.1741 -4.3582 -4.7401 15.285676155410073 3.1138337790483845 -24.114592471550388
-2.4604 12.7302 0.91738 -7.6418 14.01051939850894 5.317063423162864 -9.125128333775315
2.0193 0.82356 4.6369 1.4202 28.768168179769823 -4.314367119348937 13.385190565499272
2.6415 7.586 -0.28562 -1.6677 16.44052535712087 -28.072561290651922 -19.200304708448837
4.3435 3.3295 0.83598 0.64955 7.56369504464692 -19.730931939453153 -21.615875777156035
3.9382 0.9291 0.78543 0.6767 19.459844311097896 15.21638385112125 -7.438598187424841
5.504 10.3671 -4.413 -4.0211 11.758571571087828 29.556851028992845 12.095453491091853
1.1676 9.1566 -2.0867 -0.80647 5.7514661763045964 3.3643182863410104 9.158136522674447
0.32444 10.067 -1.1982 -4.1284 17.720612016222518 6.300734948278567 22.007844003002887
2.1752 -0.8091 5.1022 -0.67975 -4.513794255807358 -28.92458396698401 24.818932825295462
4.7072 8.2957 -2.5605 -1.4905 3.733916513093753 -26.657136112915406 -26.298984712968256
4.0552 0.40143 1.4563 0.65343 11.975838159115298 -8.68739003464551 19.91024219945541
0.33565 6.8369 0.69718 -0.55691 -2.036646530123953 -24.00114276808483 -22.839397073651742
1.5456 8.5482 0.4187 -2.1784 -16.482601401952955 -0.8702043665960701 -10.154890267367772
-0.27802 8.1881 -3.1338 -2.5276 -22.684161489411316 -12.458985188312031 6.461367561141934
4.6352 -3.0087 2.6773 1.212 -7.59309824971815 -10.14769019047322 -9.704567036601745
0.95626 2.4728 4.4578 0.21636 18.25701182950315 18.50042650132449 -6.295109480160264
5.2032 3.5116 -1.2538 1.0129 17.7115128965493 -2.94428581615103 -5.431848726230584
0.65497 5.1815 1.0673 -0.42113 19.79877112536905 19.668319103647384 -12.851549139931077
1.105 7.4432 0.41099 -3.0332 10.465084312749362 -26.480436176410763 -19.85400189914907
1.1558 6.4003 1.5506 0.6961 14.049255320888363 -12.668202557244786 19.03186052871419
2.7831 10.9796 -3.557 -4.4039 -4.602213768392321 16.536716860082635 -19.08698268601561
-2.6479 10.1374 -1.331 -5.4707 22.82083306247997 3.2577152936955756 -7.8048149005095375
-1.4275 11.8797 0.41613 -6.9978 27.754767901426334 -16.985722062713528 -26.421052082962085
5.086 3.2798 -1.2701 1.1189 -10.283439870469767 -16.358827801320974 3.5455589071832208
-0.2361 9.3221 2.1307 -4.3793 -9.071212415289644 -21.432620746317692 7.371793999639976
-1.1391 1.8127 6.9144 0.70127 9.643754130298795 8.916281817216671 -10.671959118184152
2.5089 6.841 -0.029423 0.44912 -14.771111666296095 -8.010036682932856 15.70200051474233
3.946 6.8514 -1.5443 -0.5582 -12.21789153428529 -17.72513555899616 -23.182330076188947
1.8592 3.2074 -0.15966 -0.26208 18.728354859633235 -17.01425412706976 26.697691316689983
3.4626 -4.449 3.5427 0.15429 -26.8390062626113 29.610532903968256 -22.986966722035948
5.0429 -0.52974 0.50439 1.106 21.292831787946326 25.36116179697251 -12.315426522770906
4.6562 7.6398 -2.4243 -1.2384 6.758933320781466 27.735858262569174 4.578654675834144
1.8384 6.063 0.54723 0.51248 -22.101415503208948 -21.981471915607848 5.050353428826007
3.5251 0.7201 1.6928 0.64438 3.807644872773878 1.0753439846394741 -18.18067546423459
2.5989 3.5178 0.7623 0.81119 -21.095819188748557 -3.9103292681089954 -26.905859473701177
3.6941 -3.9482 4.2625 1.1577 29.4051011000532 -11.355347944757355 -23.881235219023914
6.8248 5.2187 -2.5425 0.5461 10.085971799399175 23.467445458418858 18.069238741121573
2.1526 -6.1665 8.0831 -0.34355 20.10143817474419 10.405735838200748 -1.4153275544897639
2.7213 7.05 -0.58808 0.41809 -0.4702680445085434 -0.9979839642588502 11.048988445610306
4.1665 -0.4449 0.23448 0.27843 -24.377289194659205 4.261331489494715 0.04745520009920767
5.1321 -0.031048 0.32616 1.1151 22.701961304041347 -27.560638983681724 -22.750317911942663
3.0333 -2.5928 2.3183 0.303 7.527519693164898 -16.529418743269463 -20.99021224786463
1.162 10.2926 -1.2821 -4.0392 20.661226815160653 19.210671969806754 29.500413145985362
0.77765 5.9781 1.1941 -0.3526 -17.13667862413962 5.100323047244622 -29.118087566841595
0.21084 9.4359 -0.094543 -1.859 -25.253859402264524 -5.8575295106949845 -8.470352049755089
4.6439 -3.3729 2.5976 0.55257 -29.62330263390246 26.22536904699146 11.132891145662775
3.5127 2.9073 1.0579 0.40774 22.91922493208834 -12.242957894423231 -16.857545050327055
-1.3612 10.694 1.7022 -2.9026 -22.150227965701994 -1.2265101861085057 -25.957327181304994
1.04 -6.9321 8.2888 -1.2991 -11.44727405538477 -22.71340826139267 14.418794976512523
4.2756 -2.6528 2.1375 0.94437 -26.803613246967974 -8.814087810788216 -1.613088480796911
2.9736 8.7944 -3.6359 -1.3754 13.247574853466816 13.747539008437862 -1.8436357438269653
5.3586 3.7557 -1.7345 1.0789 27.90744223626369 -27.39629950839239 23.690331481086353
1.2262 0.89599 5.7568 -0.11596 19.153487801921045 -1.9060402396198732 15.751513536585733
0.5706 -0.024841 1.2421 -0.56208 10.662890815698823 -0.6459367000029133 2.957790063962328
3.482 -4.1634 3.5008 -0.078462 14.405144487536255 12.820493839786856 -5.3819656382821215
2.3164 -2.628 3.1529 -0.08622 27.566695938229472 -20.599006926438193 23.935189469095832
1.3754 8.8793 -1.9136 -0.53751 -19.12511214886009 -29.857467869819796 -10.01489872179674
0.29961 7.1328 -0.31475 -1.1828 14.11977636254398 25.54199998110314 12.634201576830883
2.4673 1.3926 1.7125 0.41421 -6.927696278586243 27.75091285382387 15.310743312476411
3.4465 2.9508 1.0271 0.5461 -3.2844330794152867 20.563473920647432 -27.602840455650565
3.7321 -3.884 3.3577 -0.0060486 14.116239763375269 -27.796562192363833 -18.926177880858432
-2.0759 10.8223 2.6439 -4.837 27.832067164504416 -15.301786102789784 -8.457507261853088
0.76163 5.8209 1.1959 -0.64613 20.515348038656008 -4.437292646364867 27.891975425674914
2.6213 5.7919 0.065686 -1.5759 -28.91591695684745 21.968827408149224 12.80572270008809
5.8519 5.3905 -2.4037 -0.061652 -15.264949488965415 7.732761516724878 0.6255989009873062
3.9771 11.1513 -3.9272 -4.3444 -9.264179322882807 -26.435447726931095 -25.130827229550103
0.74054 0.36625 2.1992 0.48403 -4.954679555461823 25.870104773192118 -2.6992037805660765
1.645 7.8612 -0.87598 -3.5569 14.969320021538095 -29.3931982221091 26.984447229473894
3.2403 -3.7082 5.2804 0.41291 8.321511256015121 -20.69025552054547 11.07979009335935
3.9262 6.0299 -2.0156 -0.065531 -3.942370709937453 15.276259410776106 23.29194941263345
3.7522 -3.6978 3.9943 1.3051 -26.189321700804204 -15.824283555417935 26.47216531730077
3.7022 6.9942 -1.8511 -0.12889 -3.4985273299989963 21.370457755517293 -4.750232326703479
3.5829 1.4423 1.0219 1.4008 2.2219179297813767 14.19028643473979 -5.691126406386896
5.1731 3.9606 -1.983 0.40774 -19.26810832092626 26.11020673377419 -6.142089227312134
2.4012 1.6223 3.0312 0.71679 14.986878054397444 -6.4233282006298325 -0.24417526098796216
4.7965 6.9859 -1.9967 -0.35001 25.5475937897897 17.426370266931023 27.90532143902137
2.5559 3.3605 2.0321 0.26809 -15.980191123683072 3.7895369239832064 5.509409286810715
0.5195 -3.2633 3.0895 -0.9849 -5.812874280725694 -16.575005099630218 9.695158286496465
4.0932 5.4132 -1.8219 0.23576 14.3672272028221 -29.654752424284236 -11.711762665669802
5.2012 0.32694 0.17965 1.1797 19.768370440814607 22.208435862196147 -22.17361528162096
4.8451 8.1116 -2.9512 -1.4724 -24.072302611709137 -1.4811101662283157 6.315600744659143
5.1213 8.5565 -3.3917 -1.5474 10.485569145843328 -25.71025628866746 23.427211568819303
0.040498 8.5234 1.4461 -3.9306 4.966859186648591 -1.53614126532241 29.91591837047821
0.37984 0.70975 0.75716 -0.44441 5.972753613071532 3.950937146043401 15.448917196527965
2.8672 10.0008 -3.2049 -3.1095 6.004796655274291 -13.98507124071278 24.610187142248122
-2.7143 11.4535 2.1092 -3.9629 -26.42365045592779 -28.087324044797967 12.052413403429462
2.7961 2.121 1.8385 0.38317 8.875182458936706 12.874852758993029 29.759626302001564
-0.7056 8.7241 2.2215 -4.5965 -20.062335941888172 -12.515835889525306 -0.8535694060072174
0.92703 9.4318 -0.66263 -1.6728 -18.672817762225066 17.879420628466796 -8.677301137651753
-2.4473 12.6247 0.73573 -7.6612 -27.958798007826843 -20.751628471159712 -3.7328392512489437
0.66191 9.6594 -0.28819 -1.6638 17.939957886353795 27.044252362054955 -12.376641612584645
4.9852 8.3516 -2.5425 -1.2823 -5.1249189926101515 13.154291024432226 26.14038653376334
4.6499 7.6336 -1.9427 -0.37458 17.856333034393884 -12.212036163292648 18.060670684980366
0.85574 0.0082678 6.6042 -0.53104 7.593985034499674 -29.707780306363304 25.433317512229586
4.0422 -4.391 4.7466 1.137 2.3727427191645063 3.579168536118054 2.686938350948637
0.38478 6.5989 -0.3336 -0.56466 7.7298798535436575 15.593836552240667 -1.370172627852341
2.3969 0.23589 4.8477 1.437 11.197871809957839 -3.133647281813708 -29.858573940040603
4.0127 10.1477 -3.9366 -4.0728 24.8063071433249 7.892038226862063 7.130052217658225
3.931 1.8541 -0.023425 1.2314 2.576761002813754 1.8218496283058911 -3.651596108592571
3.2414 0.40971 1.4015 1.1952 -3.5363292807277276 -7.642378367325115 -27.297506345442585
-1.3971 3.3191 -1.3927 -1.9948 29.500552936761345 -10.298529824401356 -29.748428894221746
-1.6677 -7.1535 7.8929 0.96765 -26.806596512113064 19.770600671389673 -9.31771052134749
-3.5681 -8.213 10.083 0.96765 -26.64003192137441 1.061740745269681 17.423178504207385
-1.7582 2.7397 -2.5323 -2.234 -6.29728153576788 -13.967627960949326 13.088459800740083
0.3434 0.12415 -0.28733 0.14654 -13.917554565411812 -16.16270347093575 16.152138956411747
-2.4115 -9.1359 9.3444 -0.65259 27.988166708937 -24.799081766081905 -29.504098471025962
-0.61442 -0.091058 -0.31818 0.50214 12.476120016582556 -23.93861687257619 19.343567213498083
-5.9034 6.5679 0.67661 -6.6797 -11.050524345138065 8.787656390707305 -20.222301586738816
-0.77461 -1.8768 2.4023 1.1319 -8.530065845083104 -18.60227221252371 -28.574755836086396
-3.5801 -12.9309 13.1779 -2.5677 6.9885110459859305 -1.3966421727395115 -21.644471750037628
-0.3481 -0.38696 -0.47841 0.62627 -13.74568517602983 -5.640504624133765 -1.9266003876402387
-3.4083 4.8587 -0.76888 -4.8668 4.303735910017664 -4.872071861442745 -11.831906106057215
-2.0962 -7.1059 6.6188 -0.33708 27.09531724862555 22.41724473706803 6.204566662807807
-0.47465 -4.3496 1.9901 0.7517 -29.501892227122738 23.084893077902585 18.302552506582728
1.1644 3.8095 -4.9408 -4.0909 -25.804115240181538 6.049920864989126 29.643938276806892
-2.7338 0.45523 2.4391 0.21766 -27.033956387362018 15.066311583426177 -17.35202909648535
-1.6244 -6.3444 4.6575 0.16981 14.254558908837545 17.932530603171102 28.135187258048703
1.6408 4.2503 -4.9023 -2.6621 20.059082064814078 -13.558260915680805 -26.66543582726264
-5.4901 9.1048 -0.38758 -5.9763 -26.199699733212533 -15.123681600966847 -1.3006178876004206
-2.0631 -1.5147 1.219 0.44524 -7.508836611301614 27.74621058746081 -4.282087965831515
0.6005 1.9327 -3.2888 -0.32415 24.047381617493023 -22.07847143724993 11.008849507677454
-0.28015 3.0729 -3.3857 -2.9155 16.65776157888709 21.85081605430169 -25.589629043903834
-6.2003 8.6806 0.0091344 -3.703 -20.02547002939915 4.8171624039053285 -27.34469629519644
-3.0265 -0.062088 0.68604 -0.055186 -20.265609952451058 -2.0748845027916616 11.491709325098391
-0.64326 2.4748 -2.9452 -1.0276 -25.181958594336226 -7.606922157991775 -16.34929887506792
-2.0659 1.0512 -0.46298 -1.0974 -12.523229743357792 -21.02836367845959 2.637316744143888
-1.2568 -1.4733 2.8718 0.44653 -24.955048310858004 4.375983520174309 -25.233232363917644
-4.8554 -5.9037 10.9818 -0.82199 25.775297893856035 22.178147716253008 -19.89179363256105
0.24394 1.4733 -1.4192 -0.58535 8.341524801975815 -21.175202828814008 24.167549790463198
-4.0025 -13.4979 17.6772 -3.3202 5.5021413005270645 -1.0128071114422816 -19.10957327470742
-3.0731 -0.53181 2.3877 0.77627 -12.006817222059741 24.342635759537444 -12.25237198870363
-0.4294 -0.14693 0.044265 -0.15605 -29.879400628573322 16.393951415361528 18.704162462647822
-4.211 -12.4736 14.9704 -1.3884 1.1781624022763317 8.045865354767145 -12.552526261451899
-2.5912 -0.10554 1.2798 1.0414 -25.14386381221133 -26.17205879872352 -22.427439576792015
-1.4427 3.2922 -1.9702 -3.4392 -20.33189641439929 15.283691916353725 10.319559184110538
-1.522 -6.6383 5.7491 -0.10691 -0.28409499283754513 -11.384287731939821 6.520180558140488
-1.7263 -6.0237 5.2419 0.29524 -4.6451330577246 8.824804165950013 24.898028720217837
-0.89569 3.0025 -3.6067 -3.4457 10.000442224746102 29.997361649232246 10.018096432229214
-2.3211 3.166 -1.0002 -2.7151 16.103077158062447 16.317738975913883 -0.590917910656291
-2.258 -9.3263 9.3727 -0.85949 -5.507802921410718 9.117695565220124 -21.992619033125475
-1.8969 -6.7893 5.2761 -0.32544 27.969012541999383 -23.566375191324358 24.13785999794804
0.0096613 3.5612 -4.407 -4.4103 -12.55932238554297 25.809635691738407 1.4704829031444113
-2.1405 -0.16762 1.321 -0.20906 16.349297385202576 1.629597063538629 10.726000334161213
-2.9098 -10.0712 8.4156 -1.9948 29.477773171778118 22.90920995317839 27.570973727059652
0.83625 1.1071 -2.4706 -0.062945 19.315651777337706 0.36084952717489216 -11.981103344723898
-4.8861 7.0542 -0.17252 -6.959 -5.908502550286549 16.543493021144478 27.859147122500765
-2.5754 -5.6574 6.103 0.65214 24.919203618557376 -14.11017535232071 8.964996167535936
0.24261 0.57318 -1.9402 0.44007 14.80955879265386 8.674654291628151 -18.262129239974463
0.25943 5.0097 -5.0394 -6.3862 0.8381004871162681 3.93384632921682 10.501507757385063
-3.4605 2.6901 0.16165 -1.0224 5.718416310404372 -2.3293309322426516 -5.730126264950123
-1.2424 -1.7175 -0.52553 -0.21036 -24.875170388559507 21.505159274366584 19.372466162058913
0.59823 3.5012 -3.9795 -1.7841 6.411444817912809 12.020559097491976 27.364717575927727
-4.1409 3.4619 -0.47841 -3.8879 -21.785913383994142 16.131364792979873 13.344699655760664
-4.4996 3.4288 0.56265 -1.1672 29.112863241619806 -18.600836915910378 9.72062479395911
-1.9423 0.3766 -1.2898 -0.82458 -6.032619522385833 20.847655593795928 29.885515431124304
-0.95403 1.9824 -2.3163 -1.1957 25.838080859697712 2.114747031354568 10.559806722565263
-2.799 1.9679 -0.42357 -2.1125 9.383083814148698 18.32783494154488 0.2537116492986833
-3.5916 -6.2285 10.2389 -1.1543 11.22968531442661 -23.116880078491484 -27.23565139014147
-3.2854 4.0372 -0.45356 -1.8228 -6.421059054378247 22.27850119908377 13.620536149601975
-2.3518 -4.8359 6.6479 -0.060358 -26.473354239738185 23.67791801512343 0.7503402764639553
-4.3876 -7.7267 11.9655 -1.4543 -7.712422051726417 -12.755284028921889 18.40430213466734
-1.0112 2.9984 -1.1664 -1.6185 15.434800324738717 -2.0846084315712012 -28.69425747220624
-1.6514 -8.4985 9.1122 1.2379 -4.105295984329828 -0.3570602329769983 -23.461683190644365
-2.5701 -6.8452 8.9999 2.1353 -11.868385393250225 -0.7230366951760381 -14.80449021803959
-1.6637 3.2881 -2.2701 -2.2224 19.174349314353847 29.61138150532569 -13.983598425989769
0.21431 -0.69529 0.87711 0.29653 -15.420119801088516 -11.223150521838441 -23.242953082204256
-1.8391 -9.0883 9.2416 -0.10432 -5.918879019085754 -7.5992908476999474 4.859454858692196
0.0040545 0.62905 -0.64121 0.75817 -20.036049124657826 -25.384981131390752 14.622027385321978
-5.2406 6.6258 -0.19908 -6.8607 -14.528944819067554 24.80173932145552 29.541399148296122
-0.65767 -2.8018 3.7115 0.99739 24.49999739819077 19.62084347279064 17.13374857303124
-2.8957 -12.0205 11.9149 -2.7552 -18.508720273282492 -16.049041203128834 -4.630283868796226
0.50225 0.65388 -1.1793 0.39998 -23.465810769007412 18.352136028519332 0.4462025596472259
-2.9146 4.0537 -0.45699 -4.0327 -21.613967166189333 19.77554396075361 23.14957589856403
-1.786 -8.1157 7.0858 -1.2112 -2.8446350607031192 9.793911543576122 -17.637350736270257
0.55298 -3.4619 1.7048 1.1008 15.847479427589292 14.981854680442211 -19.00408982001383
1.2279 4.0309 -4.6435 -3.9125 -24.9479801936992 8.255047747629419 5.620051480603777
-2.5346 -0.77392 3.3602 0.00171 14.405983706036878 -13.548232867108322 -5.881003481928072
-0.539 -5.167 3.4399 0.052141 6.3621791616714205 -1.4275534068725584 22.74082796082073
2.3917 4.5565 -4.9888 -2.8987 19.91554635031244 28.324724162579777 -4.57265044941208
-5.4808 8.1819 0.27818 -5.0323 13.845821794382836 -18.85541818939365 3.97682808680171
-1.4174 -2.2535 1.518 0.61981 -2.1198651429356303 26.352848835827018 -11.632403790789297
1.5904 2.2121 -3.1183 -0.11725 0.3548369066399033 26.880752955551706 13.433849163731594
-0.23356 3.2405 -3.0669 -2.7784 11.038231509788076 25.793117889415704 -10.020650954327689
-6.1536 7.9295 0.61663 -3.2646 -5.553158507338715 25.98482609937421 6.11437390460955
-2.2214 -0.23798 0.56008 0.05602 -2.4907745483936026 -10.191537728109097 -18.808635093720987
0.26517 2.4066 -2.8416 -0.59958 22.197631322433224 -24.211981783934082 -9.045092585089005
-1.6176 1.0926 -0.35502 -0.59958 23.364507654770364 -2.4308792291233132 20.665237115996653
-1.2786 -2.4087 4.5735 0.47627 -19.550170998796734 -18.78525139514633 21.53993962847086
-4.3773 -5.5167 10.939 -0.4082 -12.947145557969456 -2.2092351412431803 10.114177065443343
0.18868 0.70148 -0.51182 0.0055892 14.371678762785137 -5.586657776357185 -10.602840569898738
-3.3793 -13.7731 17.9274 -2.0323 28.855565361064045 -26.761295389475404 -9.362568157998343
-2.121 -0.05588 1.949 1.353 10.104758558498624 -18.287850168299038 -18.95088178779129
-0.0012852 0.13863 -0.19651 0.0081754 -2.278487664217451 19.36513215487193 -24.808017856527528
-3.4917 -12.1736 14.3689 -0.61639 -20.671141735087282 -13.525258076164661 21.65911524700163
-2.0891 -0.48422 1.704 1.7435 25.406866079636778 29.42186857032312 15.235932837330068
-1.2846 3.2715 -1.7671 -3.2608 -7.7538286149186 -21.551133001629346 -19.589533478833744
-1.0292 -6.3879 5.5255 0.79955 -12.708304554485718 -21.227250236269697 -14.246424881508752
-1.0744 -6.3113 5.355 0.80472 27.22847029418169 15.570049644903364 -21.252253577668846
-0.36372 3.0439 -3.4816 -2.7836 23.795451736157865 6.254496936337148 -14.787793914569104
-2.2501 3.3129 -0.88369 -2.8974 -28.394456228191842 12.422669251148797 18.152826626737202
-1.8076 -8.8131 8.7086 -0.21682 20.495563482070807 25.05077910144861 -20.92489126952399
-1.4106 -7.108 5.6454 0.31335 -28.176189436265084 24.503044745444512 5.502102718483329
0.48797 3.5674 -4.3882 -3.8116 -4.838508322076123 -24.814286404461363 2.8717909442408
-1.9555 0.20692 1.2473 -0.3707 -5.440489941592329 19.87445538612635 -11.130920845734956
-2.3299 -9.9532 8.4756 -1.8733 8.70429630949085 6.653563700526242 4.613431629281031
1.3518 1.0595 -2.3437 0.39998 -13.65517993273566 -2.61142153651155 6.40843718475314
-5.0301 7.5032 -0.13396 -7.5034 -28.17850952641093 6.693177985496568 11.660556913352274
-2.2987 -5.227 5.63 0.91722 4.907314345404039 -12.585810448927834 12.977684646282562
0.75896 0.29176 -1.6506 0.83834 -19.016438167314554 -22.48695398035877 -28.536635982216566
0.63655 5.2022 -5.2159 -6.1211 -21.244365621571802 14.869433842968427 -1.5262305625029207
-3.518 2.8763 0.1548 -1.2086 -1.296852124580866 -14.903640966812597 3.14365941688402
-0.69745 -1.7672 -0.34474 -0.12372 10.506402898194175 -18.75670986672875 -20.022407066049226
0.84546 3.4826 -3.6307 -1.3961 -1.0047225269530102 -10.002709279876104 -23.22029145369909
-3.6817 3.2239 -0.69347 -3.4004 -23.00688447967521 -11.938259930758228 -27.147197962564007
-4.577 3.4515 0.66719 -0.94742 27.986531088166288 0.05390275924323973 13.403343450975406
-1.4781 0.14277 -1.1622 -0.48579 -26.519457050090452 15.482026708396958 -27.802578276491694
-0.8734 1.6533 -2.1964 -0.78061 2.6832137833511354 -22.942026168978263 12.169262615270561
-2.3142 2.0838 -0.46813 -1.6767 16.41114216687464 3.8955927484475907 -26.471524441827714
-3.0866 -6.6362 10.5405 -0.89182 27.05964237841293 -15.46452830892353 -11.673827832279699
-2.8829 3.8964 -0.1888 -1.1672 2.756772097411968 15.701866270208463 -7.963675921480689
-1.7104 -4.778 6.2109 0.3974 -26.162707809982557 6.969222839383768 5.392831894502237
-3.7181 -8.5089 12.363 -0.95518 -21.844165495396197 23.85110154344906 -11.064634429252653
-0.98193 2.7956 -1.2341 -1.5668 -16.782991842241017 7.386041443324231 -10.368166376386192
-1.9409 -8.6848 9.155 0.94049 -8.168934843297315 -16.3243999275157 8.377813626684556
-2.9915 -6.6258 8.6521 1.8198 -21.888576623511035 18.33808665572637 10.028079848939072
-2.2677 3.2964 -2.2563 -2.4642 -26.206474170686153 21.744730157180477 -1.3057452799635207
0.14329 -1.0885 1.0039 0.48791 -28.540122237745113 -16.572320288913126 13.46094475160816
-2.0042 -9.3676 9.3333 -0.10303 -8.920435316548499 -3.0003836490204066 -17.279630551309427
-0.40804 0.54214 -0.52725 0.6586 20.59980396552278 -2.3938038400988084 -20.73356246508796
-4.8392 6.6755 -0.24278 -6.5775 -5.857940370595248 -18.030716272011517 4.977948812932979
-0.66008 -3.226 3.8058 1.1836 29.099217499533978 -17.39349278815853 21.288474055421524
-3.0061 -12.2377 11.9552 -2.1603 -21.373336854421986 22.588750087162403 9.524412277083663
0.11806 0.39108 -0.98223 0.42843 -3.5062443850374407 11.116013221021078 -4.174063826971228
-2.7264 3.9213 -0.49212 -3.6371 7.477538476036017 -18.59473727985817 -15.726283485255777
-1.8439 -8.6475 7.6796 -0.66682 -4.118404414905509 -27.24301625801025 -3.3853075959848766
0.16358 -3.3584 1.3749 1.3569 -23.967005916359934 -3.58849043927599 29.193887693866998
0.67886 4.1199 -4.569 -4.1414 -13.939910944620845 22.317520249623968 15.818347588089907
-2.3898 -0.78427 3.0141 0.76205 28.146351912174254 13.427054937334717 25.724375804681387
-0.70867 -5.5602 4.0483 0.903 4.246048805103911 17.367538055004545 -2.5012631722692547
1.7875 4.78 -5.1362 -3.2362 18.557838232931225 16.395019320061316 11.54122440154839
-5.1661 8.0433 0.044265 -4.4983 -13.626108359767276 -26.788195596007863 16.731124440196353
-1.4904 -2.2183 1.6054 0.89394 -10.561258298720276 -12.766008210828797 20.014876046363796
0.88992 2.2638 -3.1046 -0.11855 -14.102921042147315 -17.03424723509522 6.8003854959868235
-0.8471 3.1329 -3.0112 -2.9388 -19.524214082381103 -6.544536986395041 0.05928720309395885
-5.8818 7.6584 0.5558 -2.9155 7.7613760631305695 -10.61221722482869 -15.502371611515757
-2.4198 -0.24418 0.70146 0.41809 14.910372577581498 25.28801238255612 4.546810936603933
-0.30432 2.6528 -2.7756 -0.65647 5.605686087659251 -7.713221614946338 22.694166195076228
-2.1059 1.1815 -0.53324 -0.82716 -11.275199878286426 15.1390668691404 -12.624654967689132
-1.5621 -2.2121 4.2591 0.27972 -28.350471962340023 1.104930616924399 -19.12565132811498
-4.8426 -4.9932 10.4052 -0.53104 -20.681695314969616 -8.457581591786706 2.0691913991287194
-0.11716 0.60422 -0.38587 -0.059065 10.932799183987328 -20.22499118821489 -5.097412005634862
-3.6961 -13.6779 17.5795 -2.6181 1.3745371280231211 -2.0398130452418926 -0.8753928123263819
-2.6286 0.18002 1.7956 0.97282 6.73830090267009 22.611988246220058 -8.266008303137788
0.31803 -0.99326 1.0947 0.88619 -18.865777381235446 -17.548644904063565 -5.17508774039953
-3.1423 -13.0365 15.6773 -0.66165 28.55009577957842 -10.156579812922327 25.327050434624987
-1.366 0.18416 0.90539 1.5806 -11.320162262990163 12.01314682391638 -28.85145582567967
-0.41965 2.9094 -1.7859 -2.2069 -21.89102501074518 1.9707477373133493 11.135323890893531
-0.55355 -7.9233 6.7156 0.74394 -16.00512004998012 5.333703789496269 10.930787989161914
-0.37013 -5.554 4.7749 1.547 14.607357534629529 -11.855908735376893 14.367899686919849
-0.27068 3.2674 -3.5562 -3.0888 -9.656026115484856 19.677901172422196 -3.7154116078788384
-1.3946 2.3134 -0.44499 -1.4905 -6.869384354856663 21.0640185997379 -26.420873601009333
-1.48 -10.5244 9.9176 -0.5026 23.799853496781978 -12.827518996927733 -14.367547558051383
-0.62684 -6.301 4.7843 1.106 -1.146106527693867 -17.342224427829336 -4.0709708661972925
0.64376 3.764 -4.4738 -4.0483 21.646385250000158 21.274651846140934 5.861355465402468
-1.4628 -1.5706 2.4357 0.49826 4.502842241141579 -8.631564483303137 -22.235461379213017
-1.5572 -9.8808 8.1088 -1.0806 28.612020894664546 18.332487085959627 8.795068004856653
2.0177 1.7982 -2.9581 0.2099 21.358622559392344 -6.785817537168015 0.8119377489464448
-4.3667 6.0692 0.57208 -5.4668 15.153657300365843 -19.946863781160953 3.2998444562448412
-1.8046 -6.8141 6.7019 1.1681 -2.2926172571931573 -3.4777845562532264 -13.380856851663452
1.4378 0.66837 -2.0267 1.0271 -5.104053865386355 27.597091981497726 -10.20153577637062
0.7376 4.8525 -4.7986 -5.6659 0.5214641990766467 20.845661777209067 -3.1934157870335973
-3.0193 1.7775 0.73745 -0.45346 25.487226464939873 -19.63440707344391 12.91852336603165
-0.1269 -1.1505 -0.95138 0.57843 14.116228476512532 27.50926286150058 -24.031227562363657
1.4501 3.6067 -4.0557 -1.5966 -3.57958130316106 -17.914504382148873 -10.979809087447144
-3.8952 3.8157 -0.31304 -3.8194 22.442506027153627 -9.123504918058565 9.512786203853068
-4.1429 2.7749 0.68261 -0.71984 -11.113082805518985 -15.988973245882637 -1.6790045516730991
-1.0555 0.79459 -1.6968 -0.46768 -10.275601678538365 8.862242736400596 14.354636273624948
-0.49948 1.7734 -2.2469 -0.68104 21.002310599900262 3.3318595705636156 1.726859195142751
-1.9389 1.5706 0.045979 -1.122 20.62991032952779 24.310690672168562 -17.405691928583092
-3.1875 -7.5756 11.8678 -0.57889 18.062723913121907 0.8541158935944395 16.884428869745946
-2.0285 3.8468 -0.63435 -1.175 10.906038381952328 22.80129375511465 -28.588971085865737
-1.7589 -6.4624 8.4773 0.31981 6.613555759742546 -9.096705998941847 9.519930609636894
-3.3582 -7.2404 11.4419 -0.57113 -8.681498167016116 -24.046958535403213 10.942501690834739
-2.1802 3.3791 -1.2256 -2.6621 -17.686974346553857 -7.6191776418020964 -25.612164381768
-2.2918 -7.257 7.9597 0.9211 -16.130830342576537 21.40093538420676 18.930249633511096
-3.3884 -8.215 10.3315 0.98187 -6.9395564190374195 26.185157066485395 22.364178860665326
-1.7063 2.7956 -2.378 -2.3491 -13.759490107410379 -11.562129559541383 -12.766435264429191
-0.41645 0.32487 -0.33617 -0.36036 21.786795827157164 14.46797971465518 -27.183127746625374
-2.5961 -9.349 9.7942 -0.28018 23.876956687474383 -7.051230465198003 -0.5867963276955734
-0.53072 -0.097265 -0.21793 1.0426 -26.84676810575417 3.825683687700483 0.6655473633644533
-6.5773 6.8017 0.85483 -7.5344 29.022367547712356 5.040764891232321 -22.932416206686533
-1.3995 -1.9162 2.5154 0.59912 3.40057213748387 25.403227063082944 6.400844061721486
-3.73 -12.9723 12.9817 -2.684 20.925311807838746 22.02522762925907 -14.137598663306063
-0.26654 -0.64562 -0.42014 0.89136 -9.47422826264826 -20.822804723754537 0.4575755822387215
-4.2091 4.7283 -0.49126 -5.2159 -13.783466593902208 -4.321318026239155 21.28160702303601
-2.4835 -7.4494 6.8964 -0.64484 -11.35701715316032 -20.683033414773956 13.313502792803263
-0.36025 -4.449 2.1067 0.94308 5.749030085439493 18.37015243955173 29.290141551921124
0.96708 3.8426 -4.9314 -4.1323 -22.330062777311745 -20.400742119722928 -7.697689109067262
-3.3203 -0.02691 2.9618 -0.44958 6.424378439595834 19.625313554137634 3.2727891268779743
-1.5951 -6.572 4.7689 -0.94354 -5.108950544845026 -22.683020037549035 21.44346978522463
1.7331 3.9544 -4.7412 -2.5017 -27.5549181709146 -28.574385059683557 -20.393958974271804
-6.3364 9.2848 0.014275 -6.7844 -27.4996671696023 19.893964290889514 -19.634313141013386
-2.1979 -2.1252 1.7151 0.45171 -18.557817577975904 -11.786928406218905 -18.358593723094465
0.74067 1.7299 -3.1963 -0.1457 -8.253959034185502 -20.80045593329911 27.24952763206924
-0.3489 3.1929 -3.4054 -3.1832 -25.166892524315912 16.29941307041667 -7.113906857585068
-6.9599 8.9931 0.2182 -4.572 -19.581450401474896 -24.00806314934512 -16.157336130874647
-3.2051 -0.14279 0.97565 0.045675 -0.12696105199660934 -22.532546429662347 22.959760513339916
-0.59587 2.4811 -2.8673 -0.89828 14.660328663491107 -16.6003908812208 12.146026200115202
-2.0754 1.2767 -0.64206 -1.2642 20.576543178973864 29.272675179301764 13.456271624750627
-2.2183 -1.254 2.9986 0.36378 25.724194650184913 -3.777318245166658 15.039640219141113
-5.0477 -5.8023 11.244 -0.3901 -28.16856535778077 17.02973877659133 24.539515057735578
-0.7351 1.7361 -1.4938 -1.1582 27.381706105033373 -18.029895559228994 13.570542142083852
-4.244 -13.0634 17.1116 -2.8017 -19.625958241694224 4.544370085198665 11.20609789719925
-3.0201 -0.67253 2.7056 0.85774 -3.160519982519773 -17.85603665197656 -5.176381746186038
-0.83121 0.039307 0.05369 -0.23105 15.383054235507196 -23.733577721569528 22.04739913993452
-4.4018 -12.9371 15.6559 -1.6806 -12.260942715901724 16.46683731148091 26.624071851326896
-2.4725 -0.40145 1.4855 1.1189 4.791693732993508 29.160686545497953 28.40028663826108
-2.0149 3.6874 -1.9385 -3.8918 11.256173682210566 -5.1497000039985785 -2.1940730810659232
-1.7886 -6.3486 5.6154 0.42584 -5.275467512455808 10.882192940884138 -6.944157212540645
-1.8343 -6.5907 5.6429 0.54998 -24.876600558725116 14.870228316777592 -18.746395655824884
-0.70346 2.957 -3.5947 -3.1457 12.036348103467986 4.6176722484681605 5.01964610170937
-2.7723 3.2777 -0.9351 -3.1457 15.358101632383317 21.621798342254053 26.934940203463363
-2.4349 -9.2497 8.9922 -0.50001 21.99529381824091 -20.455523760416774 -4.956344837134786
-1.9551 -6.9756 5.5383 -0.12889 23.945407937089605 20.210115032449316 -22.298203782773065
0.025013 3.3998 -4.4327 -4.2655 -12.034281090761588 -23.699860953161778 4.611390203282248
-2.456 -0.24418 1.4041 -0.45863 27.770109362111434 -5.865296025155089 29.123536923582634
-2.9662 -10.3257 8.784 -2.1138 -10.6207417867525 12.406961942549081 -26.714398317679976
0.6005 0.99945 -2.2126 0.097399 -12.600562365706061 16.004581881674447 -29.645398848264694
-5.4414 7.2363 0.10938 -7.5642 -26.51390242491034 -15.126401052732463 -15.667348635582224
-2.7769 -5.6967 5.9179 0.37671 -21.943822928715534 22.17142855794318 4.31528287171151
0.30081 0.17381 -1.7542 0.48921 7.271206725290504 -1.7202628553638988 -17.196652142933644
0.26877 4.987 -5.1508 -6.3913 -13.36457921768599 4.223110042490411 -16.511517074143335
-4.0679 2.4955 0.79571 -1.1039 14.847133902048547 -0.7740241162090165 -22.14731818349557
-1.3414 -1.9162 -0.15538 -0.11984 17.46095133873783 14.913834432983386 -17.83315696469822
0.6212 3.6771 -4.0771 -2.0711 -17.88727019724559 -29.611469148822234 15.750445718202975
-4.1244 3.7909 -0.6532 -4.1802 -27.907300917382077 9.431004115713712 -2.4732286055637864
-4.9462 3.5716 0.82742 -1.4957 -2.5701059372860655 -20.593763530916554 -28.97695403340623
-2.0662 0.16967 -1.0054 -0.82975 -22.125826910705836 -19.38564725584763 12.351390033305393
-1.0941 2.3072 -2.5237 -1.4453 29.06758834355996 19.00010175584017 -29.251238739748292
-3.551 1.8955 0.1865 -2.4409 -19.21122326348451 -12.419876958680657 -27.781441022873253
-3.6053 -5.974 10.0916 -0.82846 -29.526993715118657 -29.994830058846013 29.089084699245404
-3.9204 4.0723 -0.23678 -2.1151 1.8634099043329186 -21.475934466854444 10.90950033312727
-2.4561 -4.5566 6.4534 -0.056479 12.377826231013636 -2.0514265985535083 26.12856660965705
-4.1958 -8.1819 12.1291 -1.6017 17.484157144220724 -26.70344595909345 -10.287020026535522
-2.4365 3.6026 -1.4166 -2.8948 1.858401770074245 1.2886601568166682 27.443046386385184
-2.7083 -6.8266 7.5339 0.59007 12.450138895048674 20.951440429275564 -17.585314840675537
-3.8894 -7.8322 9.8208 0.47498 25.42191959228422 -13.455890925555646 -3.593602531775737
-2.1652 3.0211 -2.4132 -2.4241 23.115690714900573 -14.906796602172157 -8.253989235336242
-0.62043 0.5587 -0.38587 -0.66423 -21.39530697821291 15.141377222803463 21.630501328229826
-3.0 -9.1566 9.5766 -0.73018 26.455988062987842 -6.92518445329949 -8.72049505932646
-1.005 0.084831 -0.2462 0.45688 -17.82783272737351 -6.244420459210488 -4.0526871441716565
-6.651 6.7934 0.68604 -7.5887 -0.5135631377647378 -20.031806890170344 21.22515543335672
-1.4377 -1.432 2.1144 0.42067 -6.168861737129927 19.793776763921485 0.2805369621161802
-3.9411 -12.8792 13.0597 -3.3125 -12.107310836504027 -10.167206100350533 9.851700569813453
-0.74324 -0.32902 -0.42785 0.23317 -5.915032244636315 6.848332173466787 27.422390190375587
-4.2333 4.9166 -0.49212 -5.3207 16.319475342063825 -21.188950798740432 -26.327906523887556
-2.5526 -7.3625 6.9255 -0.66811 23.213224289316074 -21.159247494395245 -1.5186433085920967
-0.89809 -4.4862 2.2009 0.50731 -5.3762461858804365 1.0465156071487733 24.60924536545606
0.53936 3.8944 -4.8166 -4.3418 8.960838934363622 23.07735792470099 -26.981773433886794
-3.3553 0.35591 2.6473 -0.37846 -3.6831382363982073 -2.576125281869629 -19.40914797700632
-1.9983 -6.6072 4.8254 -0.41984 -16.681475709876054 28.48855410387847 21.279751835888668
1.208 4.0744 -4.7635 -2.6129 -1.3119492517901747 14.610959180575605 8.602161800901804
-6.4247 9.5311 0.022844 -6.8517 18.11604273702158 -16.96787420581133 -16.21710327710914
-2.659 -1.6058 1.3647 0.16464 -25.73345302340151 16.959746586048418 17.68079081123394
0.11032 1.9741 -3.3668 -0.65259 -9.398157702041058 9.371741565484605 -13.761818192292129
-0.76794 3.4598 -3.4405 -3.4276 -4.3423223941251905 -24.751618142103254 23.733420812465454
-7.0364 9.2931 0.16594 -4.5396 9.52511711855761 11.638080759814308 -2.033237039245808
-3.5933 0.22968 0.7126 -0.3332 25.796775034508265 17.897318218672908 -19.28463622798221
-0.9607 2.6963 -3.1226 -1.3121 -29.03682032658833 26.412910168595573 0.9973038115832686
-2.3277 1.4381 -0.82114 -1.2862 -28.177102692783258 3.741615337753153 -13.66583811078478
-2.5724 -0.95602 2.7073 -0.16639 -2.3569490131814916 -18.161538890322664 -7.6181655422312815
-5.2943 -5.1463 10.3332 -1.1181 28.2104809386295 -23.738938728319102 -4.211647735622488
-1.2244 1.7485 -1.4801 -1.4181 -4.974976782566742 -27.03349229959461 -17.86235528641445
-4.6338 -12.7509 16.7166 -3.2168 -16.91495799539562 9.07581799154677 9.520348429377215
-3.3458 -0.50491 2.6328 0.53705 29.182572180220767 -25.015176621200233 -2.45073377557166
0.55939 -0.3104 0.18307 0.44653 1.442610741907508 4.170726466639678 -13.920918569854773
-3.506 -12.5667 15.1606 -0.75216 24.231668230497398 -17.84836667413972 9.8558486740314
-1.6029 -0.38903 1.62 1.9103 -3.59471105326827 19.020479042941005 13.444196215771598
-0.49281 3.0605 -1.8356 -2.834 4.166287621483875 -24.374635851640335 -18.31978573525588
-0.72068 -6.7583 5.8408 0.62369 29.783775327945307 20.052361766637603 -27.895433978747636
-0.97325 -6.4168 5.6026 1.0323 -17.45980163942848 21.72255482829688 -13.58974616659648
0.062525 2.9301 -3.5467 -2.6737 9.348693778886158 2.4041662930663676 -2.696691004376415
-1.2943 2.6735 -0.84085 -2.0323 14.762190662264096 -8.146859026306949 29.485297730394358
-1.3968 -9.6698 9.4652 -0.34872 20.11459092175037 -19.968207617173704 -6.478099136220884
-1.1005 -7.2508 6.0139 0.36895 26.19065664917504 -16.89734087120673 -27.626655156518844
0.90407 3.3708 -4.4987 -3.6965 11.033534875666163 29.195711118646514 29.418310708392184
-1.0833 -0.31247 1.2815 0.41291 16.049129391582163 -3.157310184018243 29.905249549365244
-2.0545 -10.8679 9.4926 -1.4116 -18.726736704370037 17.289426036562368 22.028079490356873
1.581 0.86909 -2.3138 0.82412 -16.99603069009881 -6.912184332771439 28.5651739555394
-4.1479 7.1225 -0.083404 -6.4172 2.9521680280229603 4.708940997044579 -2.002516081387437
-1.7479 -5.823 5.8699 1.212 18.700631507127156 3.769297929810989 2.1590478949967107
1.3451 0.23589 -1.8785 1.3258 -20.577378079683186 -28.633871264387746 7.228774561743087
1.2572 4.8731 -5.2861 -5.8741 -12.121501276003638 17.17872964023401 -23.018190299453487
-2.9786 2.3445 0.52667 -0.40173 -13.060754440845358 -16.18760617512055 -28.88684223826324
-0.21888 -2.2038 -0.0954 0.56421 -4.826120601702591 2.446211563304111 -22.246174729489994
1.4896 3.4288 -4.0309 -1.4259 -17.863345022183648 -24.77491575219073 13.997145684436106
-3.3924 3.3564 -0.72004 -3.5233 -6.190557949742647 14.477670017128219 -26.98741058385387
-4.0786 2.9239 0.87026 -0.65389 -5.318023620202368 17.007165675105384 -11.877697276640923
-1.0116 -0.19038 -0.90597 0.003003 11.3167371557985 -11.083767128322165 -27.011324907255634
-0.24745 1.9368 -2.4697 -0.80518 -10.228182213521077 28.051439664565997 26.43298930279274
-2.1668 1.5933 0.045122 -1.678 -0.6595896264845855 27.348496974497237 -16.432391321997248
-2.8391 -6.63 10.4849 -0.42113 -8.112659236471224 22.940094479488955 19.26267426662627
-2.41 3.7433 -0.40215 -1.2953 21.88834025811677 0.6870232868393487 25.445903559142025
-1.3887 -4.8773 6.4774 0.34179 -1.9567195171202236 -12.951841596730251 18.99418798248974
-3.5637 -8.3827 12.393 -1.2823 20.87630977654331 -0.15358056063719516 -11.914459484492475
