686 7
4.5459 8.1674 -2.4586 -1.4621 4.207716451727009 -5.351715288367561 -7.179570406375323
3.4566 9.5228 -4.0112 -3.5944 17.753228253816417 -16.556442524813516 -18.02413311884301
4.3684 9.6718 -3.9606 -3.1625 -20.739097679954654 27.153232477703433 -13.165305518778379
2.0922 -6.81 8.4636 -0.60216 -4.849962276815983 -23.50943565955045 -14.91573304131569
1.5356 9.1772 -2.2718 -0.73535 21.76250993285536 11.495741108444903 -27.9719439795729
3.9899 -2.7066 2.3946 0.86291 23.30356428482952 -19.977014512879904 -6.054134541296271
-1.5768 10.843 2.5462 -2.9362 -8.249863301548238 -3.776266051961837 16.76888980163674
4.6765 -3.3895 3.4896 1.4771 10.300935138715857 1.9055719641468478 25.970828390697463
0.80355 2.8473 4.3439 0.6017 -18.814264187896505 26.700831090167313 7.669985629615994
5.2423 11.0272 -4.353 -4.1013 -27.979648515440292 -2.4975781673838853 -13.88274676349112
0.3292 -4.4552 4.5718 -0.9888 -29.769330508449762 -12.012649145382849 7.233531997112635
0.93584 8.8855 -1.6831 -1.6599 25.472929462854182 15.308597545041671 17.471029523300764
0.7057 -5.4981 8.3368 -2.8715 7.853559641243088 -24.620054457373417 -13.392005667941365
-0.38214 8.3909 2.1624 -3.7405 -22.595724003866003 20.825598253989526 -10.192548241606104
4.8906 -3.3584 3.4202 1.0905 11.936312814104717 -28.095303265354957 -14.416473605689523
1.4884 3.6274 3.308 0.48921 25.367287984061 22.39528985558119 -27.689302018291663
-0.96511 9.4111 1.7305 -4.8629 28.2328267046379 -17.504669080824108 -2.6340853938057016
2.4391 6.4417 -0.80743 -0.69139 13.694442642522937 -5.858146554628021 -20.928856195310676
3.6289 0.81322 1.6277 0.77627 4.754365819390351 19.688830237890116 12.587591732167745
3.4805 9.7008 -3.7541 -3.4379 8.35120561918653 23.146389501107166 12.513529277954127
-0.2062 9.2207 -3.7044 -6.8103 9.29848699565732 12.89693793622724 12.572844288277409
0.96441 5.8395 2.3235 0.066365 -23.821999826157 20.70745864594656 13.112740492719631
-0.7869 9.5663 -3.7867 -7.5034 19.215052410436158 -12.158033516815681 10.905074291294653
-0.7869 9.5663 -3.7867 -7.5034 29.365886719435288 -13.638346623458112 7.4404021658755966
1.6349 3.286 2.8753 0.087054 12.289948836435954 -21.648955780246336 -19.500204988668283
5.262 3.9834 -1.5572 1.0103 11.604901031934617 6.073169499152215 9.762933366270538
2.549 6.1499 -1.1605 -1.2371 12.622857290461319 20.435487698782012 22.96901895436897
4.8265 0.80287 1.6371 1.1875 -23.371037493219617 6.595430333913228 -5.914834381687417
5.807 5.0097 -2.2384 0.43878 14.224401832457204 4.237837380630516 -27.849485430575708
-0.78289 11.3603 -0.37644 -7.0495 -19.4283597150065 21.16279109605253 -20.14736396660021
0.49665 5.527 1.7785 -0.47156 -26.25234875858663 2.574166421127785 12.34949360907509
1.7939 -1.1174 1.5454 -0.26079 22.885514317344203 20.35516318131978 -18.012348656098787
2.5367 2.599 2.0938 0.20085 20.808248077191514 -6.099600998536605 18.516883822804218
2.4235 9.5332 -3.0789 -2.7746 -11.279410142131294 -27.130933841095068 -15.288182032582164
0.12326 8.9848 -0.9351 -2.4332 4.413037050366512 29.938603874034882 26.331884096354422
4.1373 0.49248 1.093 1.8276 -17.2830834405134 18.536972431561004 -13.006764749014781
4.1654 -3.4495 3.643 1.0879 18.555715823248562 12.104532417909589 14.603984979935476
2.3066 3.5364 0.57551 0.41938 -21.4097899084648 25.587566693776587 27.563920789147595
0.049175 6.1437 1.7828 -0.72113 26.957641367826334 -16.54000588437995 9.9042241926483
1.1317 3.9647 3.3979 0.84351 0.2687252239960465 -14.192020909656243 -24.843913451687584
4.4682 2.2907 0.95766 0.83058 -10.34750260735936 22.668478892152393 12.988153296638991
1.8664 7.7763 -0.23849 -2.9634 -19.922350821492792 9.596342862974993 8.830867677523834
4.0296 2.6756 0.80685 0.71679 -1.7783424251645812 27.1151051745328 -0.17539290751721026
0.87603 6.8141 0.84198 -0.17156 11.125967109356118 16.55244314743082 26.08868626968308
3.8027 0.81529 2.1041 1.0245 28.38547320779074 -14.542049270364991 17.79028620877734
4.0632 3.584 0.72545 0.39481 -21.057201214053013 13.286446113590728 1.6283080096072808
2.4486 -6.3175 7.9632 0.20602 25.329086907475933 -24.24160749681147 24.54330751957474
-0.64472 -4.6062 8.347 -2.7099 28.173552998942448 -13.614856350724818 10.764807349187272
2.1616 -6.8804 8.1517 -0.081048 25.860904818639746 25.838120023768838 4.252981808881316
-2.7419 11.4038 2.5394 -5.5793 26.573808676507056 -2.9175185664272227 -3.937240264731116
4.5597 -2.4211 2.6413 1.6168 2.162129143097758 15.384997816360894 23.57684166644399
3.3397 -4.6145 3.9823 -0.23751 -18.899945189680814 -24.11890664910446 13.15328929526769
3.5438 1.2395 1.997 2.1547 29.83717288852516 28.46176167108952 -15.875546918429562
-1.8584 7.886 -1.6643 -1.8384 -28.886862258348366 4.650551450297783 24.22121304812434
2.9163 10.8306 -3.3437 -4.122 9.168081231709834 17.245800350903025 3.8324988142379155
1.518 5.6946 0.094818 -0.026738 -26.459060841580303 -4.86359567866986 -7.156816878044857
4.2188 6.8162 -1.2804 0.76076 -21.994535729674485 -22.78221475035958 13.55331900106102
2.5331 2.9135 -0.822 -0.12243 12.922857671505511 -11.221385227695947 7.315793504815524
2.108 6.7955 -0.1708 0.4905 -10.210861432975474 -28.915485511880892 4.051614036512845
0.9297 -3.7971 4.6429 -0.2957 -9.851113942282378 -4.6548606747417445 2.0470708908318755
4.0713 10.4023 -4.1722 -4.7582 -26.525520569670007 -8.055070239862332 -26.49333158825584
-1.5075 1.9224 7.1466 0.89136 -27.36645954707887 -1.2916459897795178 -6.133371889556841
2.994 7.2011 -1.2153 0.3211 25.867479939125573 -16.975173657740957 -5.5942034555635125
3.7818 -2.8846 2.2558 -0.15734 -26.28801225086262 -19.840457796248828 10.441276451362526
3.4663 1.1112 1.7425 1.3388 29.468343816331966 -2.0765844665407016 22.627444513486147
5.1302 8.6703 -2.8913 -1.5086 29.186958410659535 6.932354821598743 17.39780382884139
0.4339 5.5395 2.033 -0.40432 0.0365422617223814 22.852633884515242 1.156193470284265
4.1605 11.2196 -3.6136 -4.0819 -29.793598605888075 25.74453297895476 4.34045439607371
5.032 8.2026 -2.6256 -1.0341 -17.160279125097595 12.573159431464553 -5.467758543969033
-0.2062 9.2207 -3.7044 -6.8103 -10.939707173143823 -3.4280362600803613 20.63057530986496
1.7317 -0.34765 4.1905 -0.99138 -26.394377847004474 20.48688611780387 -4.284350448766215
3.9232 -3.2467 3.4579 0.83705 2.6136907777506906 -29.395088489806117 27.536609489810026
0.5195 -3.2633 3.0895 -0.9849 0.4361687483839525 15.836388653553911 -1.5581101959797081
1.7496 -0.1759 5.1827 1.2922 4.085298077688591 -5.494810227530337 0.7536869673482443
2.7391 7.4018 0.071684 -2.5302 -8.61813942250713 7.057678034613048 7.472880564293838
-1.7599 11.9211 2.6756 -3.3241 -12.69107673159284 17.576380455436833 -11.169504798176934
3.4591 11.112 -4.2039 -5.0931 -26.88097849560673 7.969107702937997 1.312496500633749
2.486 -0.99533 5.3404 -0.15475 -10.404461562737602 -9.719022272698869 -25.220079552439962
3.9479 -3.7723 2.883 0.019813 17.041496732406067 -6.559785011088305 0.11411741353723315
1.3566 4.2358 2.1341 0.3211 -8.90172024900533 3.32813823316436 -27.73855698096759
3.5499 8.6165 -3.2794 -1.2009 8.11789888199064 -29.793910856110905 -25.008188774098592
2.4008 9.3593 -3.3565 -3.3526 -2.358621452832022 -7.783002311630643 4.601662307732802
4.1927 -3.2674 2.5839 0.21766 18.500001328342293 21.974682581829278 0.11514045285100849
1.0235 6.901 -2.0062 -2.7125 7.4487523231107104 21.192060158007372 29.249829149037126
0.11739 6.2761 -1.5495 -2.4746 -4.500323873569247 9.863612973087193 -7.244261468755575
4.0552 -2.4583 2.2806 1.0323 -4.81941459256079 14.253797493828088 2.2313540174067015
-1.1193 10.7271 2.0938 -5.6504 22.659023841053433 5.765896146599005 -25.932663151228198
3.583 -3.7971 3.4391 -0.12501 5.722842096946003 -23.45309107196337 14.539597423389743
3.6582 5.6864 -1.7157 -0.23751 17.35804530621307 11.072613990762484 -26.20430820409483
2.3925 9.798 -3.0361 -2.8224 9.68684015087161 11.793610970098484 23.274344810212654
-0.11783 -1.5789 8.03 -0.028031 -25.162786929676756 -19.781494356555285 -25.56218209978971
2.9421 7.4101 -0.97709 -0.88406 19.85894837875336 -7.94215649036412 12.290988447823054
-1.2537 10.8803 1.931 -4.3237 18.593922745556732 -5.662133570848479 1.781463139967375
1.8314 6.3672 -0.036278 0.049554 -17.135589668055516 19.759424399958725 -5.010080273019714
2.7365 -5.0325 6.6608 -0.57889 -12.171992745509478 -17.520115943661622 -7.28237751483022
3.9663 10.1684 -4.1131 -4.6056 22.38309228913412 14.985938779848844 7.60464266748572
4.8272 3.0687 0.68604 0.80731 -26.982071879232358 -23.69594831271737 22.145760389835374
-1.8584 7.886 -1.6643 -1.8384 25.8845504020387 12.155425665103344 24.067138526963582
1.9157 6.0816 0.23705 -2.0116 -14.582571350937455 -5.294653391210492 8.2202096597414
5.8862 5.8747 -2.8167 -0.30087 -26.753929078640212 14.761586251866134 -22.619631775577325
4.0026 -3.5943 3.5573 0.26809 -13.266558019263567 -14.932576027762483 3.3048318029154444
4.1757 10.2615 -3.8552 -4.3056 26.635154722496964 0.9314099705618766 -6.651797337523881
4.8077 2.2327 -0.26334 1.5534 0.31513893952548955 -15.552489666906443 14.763505114281955
2.5605 9.2683 -3.5913 -1.356 -7.584655203726825 -1.2709441357725417 21.33237585278856
2.1721 -0.73874 5.4672 -0.72371 -6.011316923284234 -3.4379885721081607 -1.9666250825294327
3.5156 10.1891 -4.2759 -4.978 10.403426287364077 17.64129681991414 -23.458151640559763
0.68087 2.3259 4.9085 0.54998 -3.5250863095819795 27.089752986596956 20.734286688302163
6.0919 2.9673 -1.3267 1.4551 24.36630463139818 -4.77250712143406 12.570299401073775
1.3264 1.0326 5.6566 -0.41337 1.111188025431023 9.154474287131379 -0.4913175119930173
-1.3 10.2678 -2.953 -5.8638 11.282869343895506 -21.415183922456443 -25.553769241052972
2.4196 6.4665 -0.75688 0.228 25.566400581291177 -3.9645697386953174 8.773795413553678
4.6464 10.5326 -4.5852 -4.206 -23.050313701036433 13.672665610631142 25.21259773118745
1.3562 3.2136 4.3465 0.78662 23.993996245800595 28.708963196802465 -19.839176665239464
-2.6479 10.1374 -1.331 -5.4707 5.060290522939972 8.902445743761504 2.3187660550005447
5.4944 1.5478 0.041694 1.9284 -6.385456195848725 3.582204669922497 -5.4676300785667316
-2.3361 11.9604 3.0835 -5.4435 3.2412879231876275 -28.439819372321804 13.276608651893653
0.46901 -0.63321 7.3848 0.36507 -14.614340704278884 -4.15666717282712 -4.169885570333378
2.0466 2.03 2.1761 -0.083634 10.335278669030735 11.572209049028274 -26.173624131055433
3.8905 -2.1521 2.6302 1.1047 -28.647913608852352 21.175232195426133 11.954734286218894
2.3952 9.5083 -3.1783 -3.0086 13.312126433739046 6.644508926289035 -18.825389204788124
-1.3931 1.5664 7.5382 0.78403 -10.710204514341587 13.78897530396145 -5.135384792428756
2.7744 6.8576 -1.0671 0.075416 27.639957639619276 1.7926249948171638 -5.973201371576675
4.2134 -2.806 2.0116 0.67412 -11.725562174409244 10.396705581339148 11.263946312040787
2.0597 -0.99326 5.2119 -0.29312 2.854072846063275 21.993232063347975 -6.853803347097742
1.0135 8.4551 -1.672 -2.0815 -4.646123530239514 -27.021158192352118 -15.036414408195808
0.57461 10.1105 -1.6917 -4.3922 -2.034374412539176 -28.495978219369192 -27.340170213808655
5.2868 3.257 -1.3721 1.1668 23.392116441177784 25.152551887996438 -8.444016788796414
4.1425 -3.6792 3.8281 1.6297 -24.640300736225136 10.861076517706792 21.719271864308695
2.2034 5.9947 0.53009 0.84998 -15.960194302289466 17.37863095062651 -23.74900443414326
3.0329 2.2948 2.1135 0.35084 -16.06757665914224 0.42245359088180123 16.84610931246376
3.1557 2.8908 0.59693 0.79825 1.3721697046976153 16.44251198589116 -1.8703020593558826
4.988 7.2052 -3.2846 -1.1608 -18.736449404677128 20.530482433016807 17.81433053755245
1.594 4.7055 1.3758 0.081882 -28.783366147974487 -29.51974350992927 -26.43520834225623
3.8496 9.7939 -4.1508 -4.4582 16.705971985254187 7.531296128796669 -15.058583192951204
4.9342 2.4107 -0.17594 1.6245 -19.824367986093133 -18.11001633175116 -16.384187615076648
5.3915 9.9946 -3.8081 -3.3642 7.964789892951259 18.143063950823695 -15.776817205050463
2.6946 6.7976 -0.40301 0.44912 26.868742233441843 -25.205501968969767 -27.22974780657252
3.4312 6.2637 -1.9513 -0.36165 -18.362008280422245 -18.495650040747726 27.373710553553728
1.3638 -4.7759 8.4182 -1.8836 -15.371217808125701 13.369234676386974 -13.455645730777931
1.9265 7.7557 -0.16823 -3.0771 21.213765744013898 24.553169959675955 -11.56553365454156
4.068 -2.9363 2.1992 0.50084 14.019894352378053 1.102716690023179 -23.77934573907641
0.3223 -0.89808 8.0883 0.69222 -25.0911654522689 -9.742049799629907 8.343476586696625
1.7747 -6.4334 8.15 -0.89828 19.232125992910113 22.231317649387698 14.926585603445886
0.89606 10.5471 -1.4175 -4.0327 -14.366620404080372 21.240897201391988 27.851038244071972
3.2422 6.2265 0.12224 -1.4466 -8.918499608195045 -13.364767486851747 -15.737912872207751
-2.2153 11.9625 0.078538 -7.7853 4.485379206390121 25.903148262192737 -5.740281688795065
1.934 -9.2828e-06 4.816 -0.33967 5.951021005661644 -8.58782183098128 -11.421508795953045
2.1464 6.0795 -0.5778 -2.2302 14.086758345099618 9.171428943501276 16.300217401941005
1.2706 8.035 -0.19651 -2.1888 -7.16430436018539 29.758202243466897 12.189480762024871
2.2928 9.0386 -3.2417 -1.2991 -23.488743080018775 7.462092586182699 -1.8137292670588216
2.9719 6.8369 -0.2702 0.71291 11.007354141282931 12.758859202010129 2.831205643419615
-1.9177 11.6894 2.5454 -3.2763 -24.531774844393624 12.573068738233452 22.048100243916878
1.0284 9.767 -1.3687 -1.7853 -27.433028620888603 29.41731531704587 -24.335744420723287
1.6032 -4.7863 8.5193 -2.1203 11.55906904569165 0.14838735795728653 26.917608451425906
4.2478 7.6956 -2.7696 -1.0767 -27.353920040226683 -0.817322788591266 17.503605721190056
5.0297 -4.9704 3.5025 -0.23751 -26.88797486487462 27.158805698652998 -8.336468562634195
2.1274 5.1939 -1.7971 -1.1763 3.177266721583756 8.63567564771256 17.054059235430998
0.3292 -4.4552 4.5718 -0.9888 -22.7489875051741 15.273084992844602 -3.7536962409398953
2.6718 5.6574 0.72974 -1.4892 -17.452823355827825 -14.764206686931496 -0.7532592595574599
2.9499 2.2493 1.3458 -0.037083 -15.694598440785297 -25.31590033541027 28.493788694533812
3.7352 9.5911 -3.9032 -3.3487 10.010654778224342 -28.536623534890875 -3.0855714622501935
3.884 10.0277 -3.9298 -4.0819 16.1759922455269 3.844992080553041 19.882341617509155
4.4549 2.4976 1.0313 0.96894 23.007635705187624 15.888589630919945 -6.7813469497707
4.2164 9.4607 -4.9288 -5.2366 -12.41113446648653 14.113226124807717 27.746964650741823
1.6988 2.9094 2.9044 0.11033 29.404667818082636 9.292635362699869 -12.782662921871754
2.0421 1.2436 4.2171 0.90429 11.306272685327777 -3.214053364244176 17.062255484179893
3.0009 5.8126 -2.2306 -0.66553 27.874145243748394 23.64286776614098 25.853819623268656
3.4667 -4.0724 4.2882 1.5418 -1.281140270846091 2.552341265029611 -19.620142435793383
1.0191 2.33 4.9334 0.82929 -22.45099708320799 2.577505396863174 -26.015564987392484
1.8205 6.7562 0.0099913 0.39481 19.857677611874195 -23.199808316004102 -28.053521504351764
-1.1804 11.5093 0.15565 -6.8194 19.359030802280664 29.207517219323748 -7.196369213624767
0.66018 10.3878 -1.4029 -3.9151 3.9764488027545184 -14.24655338249659 23.163629109927506
-1.8584 7.886 -1.6643 -1.8384 13.99723703571771 -14.394253694465588 5.019205669582355
3.3299 0.91254 1.5806 0.39352 -25.779356253506368 -8.026778808814495 -14.019179218313251
-4.2859 8.5234 3.1392 -0.91639 1.8737769315407746 6.489220797294649 -8.410242975507234
0.5195 -3.2633 3.0895 -0.9849 9.303143195587552 -3.0507454833050858 -27.275548478813327
0.88872 5.3449 2.045 -0.19355 -26.741572259066185 8.474705558699654 10.096024624104906
-0.21661 8.0329 1.8848 -3.8853 28.732985668136294 22.521941836230056 -23.32800243883645
3.2051 8.6889 -2.9033 -0.7819 -19.05948217065824 -18.460579379006198 7.180642838622845
-2.3242 11.5176 1.8231 -5.375 -17.159701034633258 19.412043918677583 -16.271401794250618
3.3848 3.2674 0.90967 0.25128 14.541599540580108 14.033371874220265 -16.83986666735821
2.805 0.57732 1.3424 1.2133 -5.866358639137754 -26.950560120298015 -22.48751691658599
3.8999 1.734 1.6011 0.96765 26.030806938770368 -13.931170353327417 1.9538190201475594
3.2294 7.7391 -0.37816 -2.5405 -7.385285961057885 -7.494675075638458 0.05652895946359138
2.1948 1.3781 1.1582 0.85774 17.681313964353876 12.269760115155044 -2.769825963506886
4.1529 -3.9358 2.8633 -0.017686 2.9475804350917088 29.320444240148596 17.523584756017193
1.9105 8.871 -2.3386 -0.75604 10.69144619227555 16.980527711515762 -13.437527425461418
0.58836 10.7727 -1.3884 -4.3276 4.056523034571896 25.067723698379794 25.213779329536962
-1.9922 11.6542 2.6542 -5.2107 -24.35550417313781 4.77235560741655 14.478230091947019
4.2772 2.4955 0.48554 0.36119 -17.02927466298071 -17.81020214014447 22.20455514123065
5.4188 10.1457 -4.084 -3.6991 -19.559487812168875 23.83572243500003 -25.67852825171306
3.8117 10.1457 -4.0463 -4.5629 16.82118870495797 16.090335117023585 9.849731121701957
2.3718 7.4908 0.015989 -1.7414 0.65911612584285 -0.8697029194466523 -18.97849329410395
4.6361 -2.6611 2.8358 1.1991 -22.874083671183726 -20.81637878106408 -20.52268511019754
3.7982 10.423 -4.1602 -4.9728 -7.4935522241849135 16.40054273020837 7.839372864387386
2.1265 6.8783 0.44784 -2.2224 -17.047813067184094 -4.510118254766521 -11.774285484651568
3.7831 10.0526 -3.8869 -3.7366 -24.445261518983692 16.909685713985617 29.79376563711127
1.2616 4.4303 -1.3335 -1.7517 2.8226166532950856 4.267420155932612 5.120941934780127
-0.39816 5.9781 1.3912 -1.1621 18.706795308568445 -6.120060724018838 15.473821993682456
2.9695 5.6222 0.27561 -1.1556 1.9641726080777815 11.732769827410856 -12.50387996225745
2.2123 -5.8395 7.7687 -0.85302 -17.249400932309545 -5.27234320992531 29.685004941883157
3.0864 -2.5845 2.2309 0.30947 -24.044606113234394 11.597620394802071 -4.7422375971742525
0.58982 7.4266 1.2353 -2.9595 -5.931455959180177 27.617538017762087 24.115953870346694
-0.062025 6.1975 1.099 -1.131 14.47536611964879 18.29342143668081 -23.40877911989736
0.64295 7.1018 0.3493 -0.41337 -29.520919289343407 22.297404690406744 -27.560610658332124
4.0047 0.45937 1.3621 1.6181 -19.67959743142692 20.93900782861263 22.900890855848942
3.4769 -0.15314 2.53 2.4495 0.9229856255419158 -14.242934348331808 -3.5694245317562476
3.8023 -3.8696 4.044 0.95343 -2.22344819995984 -12.297918834868003 23.909783010987034
1.1518 1.3864 5.2727 -0.43536 -5.211514240923808 -22.040836457706924 12.084290507888127
1.9572 -5.1153 8.6127 -1.4297 3.862224558827826 -6.130847356819341 13.826584527112388
-1.1497 1.2954 7.701 0.62627 1.4162050138550377 22.40599526730503 -9.022151803052168
-0.12196 8.8068 0.94566 -4.2267 15.14669569378649 -24.8171760735565 -0.29644696829506856
1.742 -4.809 8.2142 -2.0659 -13.50425485323644 -18.002850410442083 -0.09158554476936942
-1.3 10.2678 -2.953 -5.8638 20.880072919031484 -8.14558465731838 -26.199013746408156
2.5503 -4.9518 6.3729 -0.41596 5.565307338997208 -18.373962465094518 -25.62735732608575
1.3087 4.9228 2.0013 0.22024 -20.449348886208718 21.886010551787628 19.905379793134983
2.229 9.6325 -3.1123 -2.7164 -23.617192389560095 -19.571448869370343 1.644304670795023
1.2138 8.7986 -2.1672 -0.74182 -28.994107554920515 -24.684072267486833 -3.472232245462859
0.5415 6.0319 1.6825 -0.46122 25.4666425506474 -22.79645572725642 -15.403955806985268
4.7285 2.1065 -0.28305 1.5625 22.965220651654995 15.811315011111816 0.4558763895999398
0.86816 10.2429 -1.4912 -4.0082 -8.170547218824971 -14.158426504574312 -1.0145804267078589
3.6702 2.9942 0.85141 0.30688 -24.589798888060123 -5.088163987453761 14.158179978146563
3.1887 -3.4143 2.7742 -0.2026 7.4716494953554005 -28.344076763983818 28.142024646584133
3.9121 2.9735 0.92852 0.60558 22.426803234653747 -21.259468894853754 12.213803642227866
3.9414 -3.2902 3.1674 1.0866 0.8943357756577051 20.840049336486537 -9.077954218483097
5.681 7.795 -2.6848 -0.92544 13.498714161564592 24.58286574394132 21.290606812065313
3.5761 9.7753 -3.9795 -3.4638 -28.108151589871092 5.514498775317719 -0.9976656719354224
2.6682 10.216 -3.4414 -4.0069 16.618176357202437 1.0458854974912164 -3.908023198329648
0.64215 3.1287 4.2933 0.64696 13.547110976887659 -8.303163172924531 9.467487720256472
0.77445 9.0552 -2.4089 -1.3884 -2.108324613604079 26.677887631801795 -11.891777500119996
3.0948 8.7324 -2.9007 -0.96682 4.173576019979578 15.661154271538514 9.830170053544485
-1.9458 11.2217 1.9079 -3.4405 -18.973670967733256 -5.213675687847992 24.891315744646327
-2.6989 12.1984 0.67661 -8.5482 26.029373749686066 -23.66528823266568 -1.8668105625663145
2.9742 8.96 -2.9024 -1.0379 28.549158571937113 23.84255674716158 -19.897300703465614
0.1848 6.5079 2.0133 -0.87242 -9.799684974797803 24.277382623994413 26.491449083343795
0.39559 6.8866 1.0588 -0.67587 -10.078671194517486 14.627466049444827 20.09566499695908
2.8209 7.3108 -0.81857 -1.8784 20.34083317518654 17.284185526941712 -0.650146590779265
3.8213 0.23175 2.0133 2.0564 12.294860345569262 24.402344070301304 27.74931632363686
3.4893 6.69 -1.2042 -0.38751 -8.475045619532157 25.123828384889805 29.270518740878792
2.0962 2.4769 1.9379 -0.040962 7.927508252053684 26.237992576011308 -11.96218263812915
2.8261 9.4007 -3.3034 -1.0509 -3.0506504462252124 -2.771717781784197 8.601907171953059
0.96788 7.1907 1.2798 -2.4565 -28.737183626720682 11.765175032737027 17.176432468133164
3.6575 7.2797 -2.2692 -1.144 -11.756340282829093 19.35652784961936 10.281211864499355
3.4776 8.811 -3.1886 -0.92285 4.565598098018654 28.602868232477512 -27.95560176208574
2.8237 2.8597 0.19678 0.57196 20.626692154478903 27.52322863963903 10.091464366465665
3.0632 -3.3315 5.1305 0.8267 -14.649866311617787 -13.652886349063152 12.3896346393433
2.8084 11.3045 -3.3394 -4.4194 5.4362329480058875 -14.38720628809488 10.812661570737077
-0.12624 10.3216 -3.7121 -6.1185 -3.3180664035969833 -28.302534628806693 0.8542492840476292
-0.048008 -1.6037 8.4756 0.75558 -18.15857284349669 -10.071356958688405 8.315889424328027
0.88444 6.5906 0.55837 -0.44182 -4.139984583209127 14.096685506544432 -12.397800327425799
1.2999 2.5762 2.0107 -0.18967 -23.658216329859858 -1.2990845401287814 -27.631673007360202
4.9294 0.27727 0.20792 0.33662 11.797788459787064 26.191513018580366 -17.61633188061752
2.565 8.633 -2.9941 -1.3082 13.474893345739993 19.614625573572496 8.412434507024983
4.6014 5.6264 -2.1235 0.19309 -26.89190976412744 23.77634561186609 11.222404715391399
-0.2951 9.0489 -0.52725 -2.0789 -27.525215625406116 4.637634003943596 26.08027244861166
3.9433 2.5017 1.5215 0.903 -1.9945478830903234 14.75563583516437 -21.473781225171134
5.9374 6.1664 -2.5905 -0.36553 -9.828183348124366 0.1678103836861169 3.09374567773186
5.8782 5.9409 -2.8544 -0.60863 12.708347632828826 -8.943755191463893 -16.615480904967256
1.762 4.3682 2.1384 0.75429 -28.620627663453952 -20.34859087293996 -28.479724115436092
3.4669 6.87 -1.0568 -0.73147 -12.15820994235025 4.530810949989679 -10.33553538203687
0.81356 9.1566 -2.1492 -4.1814 -15.535873026414768 -10.299630433275833 29.393189311638707
2.1319 -2.0403 2.5574 -0.061652 25.04381860083197 14.471977549985695 9.402920240608225
1.2746 8.8172 -1.5323 -1.7957 18.585725884587 7.493676683176403 -9.976430101643203
2.5328 7.528 -0.41929 -2.6478 24.903721897945786 4.9712927019577435 12.940635074757616
-1.3885 12.5026 0.69118 -7.5487 -26.0893907847213 -1.7173162664835147 23.17363235296589
3.3583 10.3567 -3.7301 -3.6991 -22.757576884730963 6.959506705827081 -27.709151995013666
0.045304 6.7334 1.0708 -0.9332 24.95929099900097 -11.72398239918337 8.622574265841699
1.9476 -4.7738 8.527 -1.8668 2.9542369133758086 -6.871863483119263 -6.632537258668457
-0.10648 -0.76771 7.7575 0.64179 27.019005514539387 -0.04101079673931807 -25.338927239167326
4.2475 1.4816 -0.48355 0.95343 -2.3105023502455353 18.967940791522636 -23.35897552146474
3.6667 4.302 0.55923 0.33791 24.00380037871151 11.609172979173216 23.096764720954326
-1.4217 11.6542 -0.057699 -7.1025 -21.81002877102446 -22.328871201368532 0.884709104516336
4.1038 -4.8069 3.3491 -0.49225 28.75408751138783 1.5645663708173139 26.905058893096992
3.4647 -3.9172 3.9746 0.36119 26.943442132083405 -18.14304446553985 -15.787895860090764
3.5288 0.71596 1.9507 1.9375 -12.058613139398211 -27.09693159345771 -23.18914192328053
3.534 9.3614 -3.6316 -1.2461 -11.376716938408492 -19.47423439161848 -11.063033966684493
3.0672 -4.4117 3.8238 -0.81682 8.320629688245297 -15.720638860596992 -17.17231257050456
2.2893 3.733 0.6312 -0.39786 20.64198036419657 -23.180357954719643 9.224264702636077
4.0405 0.51524 1.0279 1.106 -13.316884251799735 12.125413194013738 25.624457584965064
2.0165 -0.25246 5.1707 1.0763 -18.689222408673306 -23.170856335012346 20.10303524624974
-0.33729 -0.64976 7.6659 0.72326 -4.986498212667332 19.79545576418778 -10.18935597580834
4.1195 10.9258 -3.8929 -4.1802 -23.681992468177118 29.167582829240303 18.36946575524391
1.5701 7.9129 0.29018 -2.1953 -5.979025341082487 -27.329672121136422 -20.103668720307827
5.0214 8.0764 -3.0515 -1.7155 -11.511223089419428 -22.942288938428696 17.709404537726563
1.8238 -6.7748 8.3873 -0.54139 19.57434273163657 -13.551934209937148 10.30712161768524
2.2517 -5.1422 4.2916 -1.2487 18.969794282096103 -4.616005231912027 -18.26653402305433
2.8521 9.171 -3.6461 -1.2047 -1.0017001177760427 -6.309572647227121 12.24502525499495
2.6104 8.0081 -0.23592 -1.7608 -1.7044356698517618 -25.952556574389316 6.3434466433159145
3.8962 -4.7904 3.3954 -0.53751 22.576289517773034 -29.805034308745594 -27.131627181349106
1.1588 8.9331 -2.0807 -1.1272 26.956306936943413 8.345910097055686 -8.590452030716943
-1.9667 11.8052 -0.40472 -7.8719 2.269336206441011 29.434128659108758 -22.53360802366305
2.3678 -6.839 8.4207 -0.44829 -23.676610319887743 12.896577517209316 9.58684670971391
4.3398 -5.3036 3.8803 -0.70432 -5.1948506329755375 -28.88016319030885 7.233073930678806
1.4276 8.3847 -2.0995 -1.9677 1.1930988343252196 7.768567443887392 7.180647349770226
0.93611 8.6413 -1.6351 -1.3043 29.98923755514457 -22.826518127753307 6.270271004126002
1.5268 -5.5871 8.6564 -1.722 -21.379873883926564 3.8646504347797404 24.99496647826124
-2.7914 1.7734 6.7756 -0.39915 -22.39930900279191 14.283282836284648 19.103896424308004
3.1836 7.2321 -1.0713 -2.5909 14.674729706537057 -12.244092814308797 15.363481520699551
5.6084 10.3009 -4.8003 -4.3534 -14.78061130026278 -10.591755727342598 19.34927722438337
3.9292 -2.9156 2.2129 0.30817 -23.36946514378627 14.441063818324793 20.67843019533884
2.5581 2.6218 1.8513 0.40257 20.07468417174035 -3.144898924816072 29.049242549765182
3.7635 2.7811 0.66119 0.34179 -4.850356439383781 27.994348254663365 -1.889885155766276
1.0652 8.3682 -1.4004 -1.6509 -0.09752944650871598 19.91111467251497 9.765157752867168
5.7456 10.1808 -4.7857 -4.3366 28.13750024713729 -29.8284364172813 -6.047969988082755
3.4092 5.4049 -2.5228 -0.89958 -16.21800269501926 17.377212784708668 -12.718465231647876
3.8197 8.9951 -4.383 -4.0327 -4.392321938458668 -9.776630107078084 17.962551325780126
4.9249 0.68906 0.77344 1.2095 -10.723965427963385 -28.606804800598592 1.979863501396462
-0.2062 9.2207 -3.7044 -6.8103 11.159864561067238 22.74094182622543 9.804390342183922
-0.278 8.1881 -3.1338 -2.5276 25.159138950118226 -27.10949038607381 -24.08255190183029
0.56953 7.6294 1.5754 -3.2233 -28.627815477963846 -5.319662265023116 -17.37289629816819
3.3951 1.1484 2.1401 2.0862 -15.212677258352656 -22.22048563091986 -9.157657285150126
3.7758 7.1783 -1.5195 0.40128 18.44133515941634 -11.184275175079677 -16.78216196664163
4.0948 -2.9674 2.3689 0.75429 7.288433830735968 7.651904128585549 -1.7413738880467449
2.0153 0.43661 4.5864 -0.3151 12.114113324651242 -1.5782520090911198 7.372013267380424
3.757 -5.4236 3.8255 -1.2526 -23.68858146440006 -9.4452274929799 29.798595716972855
1.8994 0.97462 4.2265 0.81377 -17.74588859504044 8.994430860989986 -8.737605563916581
4.4295 -2.3507 1.7048 0.90946 3.3672275135783565 -22.77835362070594 -28.228354604498755
1.8967 -2.5163 2.8093 -0.79742 -15.697980443316343 -11.20973414424406 11.766471099730822
3.3004 7.0811 -1.3258 0.22283 23.90768781085761 -24.92837975910166 -12.303382621143186
3.8846 -3.0336 2.5334 0.20214 -11.90812978147327 7.547967470820787 18.065741043699802
0.94225 5.8561 1.8762 -0.32544 -26.674464823035894 -1.095475647068433 1.6188027205338251
0.38251 6.8121 1.8128 -0.61251 8.41765644219032 15.88391331809872 10.863584824433865
2.9233 6.0464 -0.11168 -0.58665 16.675186295972964 29.075884710396878 17.916372163498536
3.7791 2.5762 1.3098 0.5655 -0.08234253798305602 13.545481618109278 1.268077652148996
-0.38388 -1.0471 8.0514 0.49567 -29.825796455849165 11.040791867292427 14.958744159610504
2.9571 -4.5938 5.9068 0.57196 -2.3564288186192073 20.955755664677824 10.681661399885016
3.3577 -4.3062 6.0241 0.18274 -27.914808546230578 23.78708441306425 29.20047480841307
2.6562 10.7044 -3.3085 -4.0767 8.61636125730736 -23.83730638378598 -11.832355114163292
-0.278 8.1881 -3.1338 -2.5276 -21.72688993286825 7.427443284216167 2.5746547467700367
2.1881 2.7356 1.3278 -0.1832 23.834472934889135 -6.885625467381523 -17.72909525880722
-0.11996 6.8741 0.91995 -0.6694 26.29333655179338 29.689173227793795 -14.942977528115213
3.7798 -3.3109 2.6491 0.066365 -4.544970176282096 -11.285461253371455 15.938131048815379
1.8373 6.1292 0.84027 0.55257 12.222104904965391 -20.34535226296871 -29.282106264864602
-0.048008 -0.56078 7.7215 0.453 4.581499510423136 1.1656625556822569 0.14405714977714723
4.3634 0.46351 1.4281 2.0202 0.11854306841529905 18.07738551161743 -12.130063960069716
0.51947 -3.2633 3.0895 -0.98492 -28.93669608363573 -22.302396467750437 -5.917849015313195
-1.8348 11.0334 3.1863 -4.8888 -29.6966125953418 23.89265369509757 15.452329351989327
-0.16682 5.8974 0.49839 -0.70044 0.6445232169908017 23.933893002554363 9.609635846492267
0.25035 9.3262 -3.6873 -6.2543 -8.70187108974314 17.850401485632126 5.2189062743741985
0.77805 6.6424 -1.1425 -1.0573 18.472477787111842 -16.355658469639692 19.768199319772478
2.2429 -4.1427 5.2333 -0.40173 -17.87317548243237 28.04466429822523 -7.94937996087851
4.3365 -3.584 3.6884 0.74912 27.60954338369548 -26.068566447834346 -8.658784942909417
4.0715 7.6398 -2.0824 -1.1698 18.1017426698213 -21.094330859997047 21.162506959468693
-0.53966 7.3273 0.46583 -1.4543 23.466673736133743 -29.6286813405705 22.39753198604734
3.0242 -3.3378 2.5865 -0.54785 -16.181017748597707 25.90611982964443 18.48827462039614
0.5706 -0.0248 1.2421 -0.5621 6.013642022505266 -8.7966199996212 3.1204994314574677
1.5478 9.1814 -1.6326 -1.7375 25.539389032384932 6.254422475447477 24.65480576685055
0.49571 10.2243 -1.097 -4.0159 -25.370468650553363 17.57341505976126 -18.772744659605497
3.6077 6.8576 -1.1622 0.28231 5.904788107601952 -24.774541210856924 -23.38006471452956
3.9166 10.2491 -4.0926 -4.4659 -8.040155131872595 -16.412161022241104 25.79319258409052
5.591 10.4643 -4.3839 -4.3379 2.278972510356894 0.25935081452339404 -14.165867547653368
1.3114 4.5462 2.2935 0.22541 29.74353032230892 -25.77360985411995 -13.515321708645633
4.364 -3.1039 2.3757 0.78532 10.560745768994892 -0.364649393295565 -28.407798214215468
4.65 -4.8297 3.4553 -0.25174 -25.111566272119727 -8.820754669732747 -22.31775936011087
3.2692 3.4184 0.20706 -0.066824 -14.870050502468962 -7.767362151818563 -7.267646450764818
1.7257 -4.4697 8.2219 -1.8073 16.912400760670828 16.59587206540038 12.99010485685448
4.0962 10.1891 -3.9323 -4.1827 -17.339108992257522 -17.30665139874155 5.159912346793561
3.4916 8.5709 -3.0326 -0.59182 -29.525044122461775 10.088417228278082 29.446227020578277
2.9856 7.2673 -0.409 -2.2431 -22.681874785737076 27.585096109371683 26.15090076709184
1.7748 -0.76978 5.5854 1.3039 16.455656867476506 20.38679519139263 -28.952141527870825
-0.45062 -1.3678 7.0858 -0.40303 22.217402932630534 -28.75693550241356 28.852959424251132
0.74841 7.2756 1.1504 -0.5388 -21.598025118680674 7.841129730888838 -4.447736062452858
3.6181 -3.7454 2.8273 -0.71208 10.322138537293682 14.633901673588326 27.62378010644683
-2.6479 10.1374 -1.331 -5.4707 -1.8689464660163537 17.623916876783532 16.58735593903979
-0.95923 0.091039 6.2204 -1.4828 9.619449730881925 -19.79428946869997 -2.306002332210891
1.0182 9.109 -0.62064 -1.7129 -20.485069900148765 -11.690187946388416 -21.70502270191275
3.8244 -3.1081 2.4537 0.52024 -23.21317426210136 29.961238041665773 9.397224132331978
3.5358 6.7086 -0.81857 0.47886 16.040307569452068 -26.671709803697226 25.355532086170186
4.1542 7.2756 -2.4766 -1.2099 -12.689431433612132 10.127638059500619 -3.048632884603709
1.8216 -6.4748 8.0514 -0.41855 11.585385124186246 -28.28996704143608 10.264167460747672
3.5862 -3.0957 2.8093 0.24481 15.703185711250924 27.190975706474987 7.850919633546795
4.7926 1.7071 -0.051701 1.4926 -8.299613033439403 -2.0104073743777953 -26.667993308733994
0.75736 3.0294 2.9164 -0.068117 -24.258313099700445 -21.586102221611547 -17.806816597094162
-0.023579 7.1742 0.78457 -0.75734 -7.633369205770794 8.736582980982625 -19.19129502077303
0.88298 0.66009 6.0096 -0.43277 1.711310042244424 -16.948143695371666 -7.706254818356033
2.2546 8.0992 -0.24877 -3.2698 -1.474497934248376 -26.2976593382767 6.269539004342292
3.1541 -5.1711 6.5991 0.57455 11.111157888481593 0.8104468245877676 -8.402624031854085
4.7114 2.0755 -0.2702 1.2379 -9.562739938916778 8.70891449185821 15.417021436117118
2.6606 3.1681 1.9619 0.18662 17.37179310874547 -27.63415449491571 1.301086877384222
0.01727 8.693 1.3989 -3.9668 -2.288330696635416 -28.343740346311833 -4.48452529017738
2.2504 3.5757 0.35273 0.2836 21.229991508345528 11.92805991598675 8.822601191941061
0.39012 -0.14279 -0.031994 0.35084 -8.730264759871545 26.70710522196874 -28.74026109703774
-3.8483 -12.8047 15.6824 -1.281 -18.27115216237845 20.727835952081435 -28.9814711857767
-2.2804 -0.30626 1.3347 1.3763 -1.2419706131890784 -23.52840644071822 20.818552655627528
-0.89409 3.1991 -1.8219 -2.9452 -19.334805308284526 -18.62383895244427 -14.686889864973603
-0.9854 -6.661 5.8245 0.5461 27.590098161856417 14.658520661622177 23.284022550497944
-1.5252 -6.2534 5.3524 0.59912 -1.415247231889193 -12.350551075991458 2.3657979240214004
-0.36506 2.8928 -3.6461 -3.0603 23.760244851217884 14.563316360936334 15.270458980072164
-1.8215 2.7521 -0.72261 -2.353 26.42159513013076 13.716195899022225 1.1535474906146632
-1.8187 -9.0366 9.0162 -0.12243 -1.07821740547557 -19.252662162141796 24.02739366632956
-1.8219 -6.8824 5.4681 0.057313 -4.569638533125083 -29.24729293480118 -12.658935825436782
0.47368 3.3605 -4.5064 -4.0431 -4.573967432613507 -1.8470810178102965 11.021828132380598
-1.6662 -0.30005 1.4238 0.024986 17.538234034349443 22.609810175134058 26.53177565111701
-2.6685 -10.4519 9.1139 -1.7323 14.516560852815658 11.700307005430247 16.722629681918832
1.0552 1.1857 -2.6411 0.11033 26.745314149900523 -15.95103197860418 21.57464623774016
-4.4779 7.3708 -0.31218 -6.7754 18.384070716436455 -8.938212087653753 3.649693205789653
-2.286 -5.4484 5.8039 0.88231 17.909097273298194 -2.7475904570807614 8.503171666580315
0.50813 0.47799 -1.9804 0.57714 -2.154789925019486 16.756782891227473 19.916957059113017
0.81583 4.84 -5.2613 -6.0823 -23.797274038982863 2.6543807783776714 20.861766222903725
-3.2238 2.7935 0.32274 -0.86078 23.398636167024577 -0.29971934024231217 24.981734887406873
-0.91318 -2.0113 -0.19565 0.066365 -3.7734315987877665 -25.519109261747488 3.4696843538351416
0.91315 3.3377 -4.0557 -1.6741 -19.161625994505386 26.2427200808495 22.34863212043753
-3.6085 3.3253 -0.51954 -3.5737 22.416100608406765 4.11345437387488 0.17316439823212093
-4.2932 3.3419 0.77258 -0.99785 1.5145927099367853 -19.39877034260183 -10.012687315462621
-1.7015 -0.010356 -0.99337 -0.53104 22.24826843479105 -7.986093507968587 0.6742946415241242
-0.86339 1.9348 -2.3729 -1.0897 27.21542849658146 8.150670586167983 2.247313036049455
-2.1333 1.5685 -0.084261 -1.7453 15.00210500684721 18.129244153444603 -12.489463535123242
-3.1128 -6.841 10.7402 -1.0172 23.99540318680893 -5.914689241102014 -28.498327285032488
-2.588 3.8654 -0.3336 -1.2797 24.7425463619276 11.10659667008197 28.05342850826927
-1.5322 -5.0966 6.6779 0.17498 -20.459934821656915 1.7639207382917306 -29.560515045228456
-4.0173 -8.3123 12.4547 -1.4375 -1.3507875908515885 -10.797022735460146 22.929271712596147
-1.979 3.2301 -1.3575 -2.5819 -9.100714988392795 -7.129489343190308 -20.461356711953123
-2.234 -7.0314 7.4936 0.61334 29.00564839389778 23.508959805798284 -0.3270636831349023
-3.8073 -8.0971 10.1772 0.65084 22.228934999779185 16.330094946667387 -2.4723430868327796
-2.2482 3.0915 -2.3969 -2.6711 -3.4425638719226335 5.899408358048298 -29.76687664171169
-0.39416 -0.020702 -0.066267 -0.44699 5.1030038173413175 -17.036042122880446 23.18664278702974
-2.8267 -9.0407 9.0694 -0.98233 -19.509573906222254 -4.007786576591727 12.649248841280098
-0.94255 0.039307 -0.24192 0.31593 -9.027950535624335 -1.7416444061642586 11.310348285051873
-6.2815 6.6651 0.52581 -7.0107 22.373307976296303 2.0049294157014472 -7.634900071949026
-1.3414 -2.0776 2.8093 0.60688 0.8897065347909603 -2.0556099960953205 17.252873416131706
-3.8858 -12.8461 12.7957 -3.1353 -21.763195708945744 18.370728190641834 16.656360662204143
-0.52645 -0.24832 -0.45613 0.41938 -26.518220492728613 23.078768277836986 -1.0872868314849313
-3.8826 4.898 -0.92311 -5.0801 16.64934813376918 0.7557966472680633 -11.807927491383555
-2.4824 -7.3046 6.839 -0.59053 -14.528524363264328 -6.809870849836425 12.872829727312435
-0.60975 -4.002 1.8471 0.6017 21.152214457448018 19.717536443149555 -1.4435063483944823
0.60731 3.9544 -4.772 -4.4853 13.988882556731724 27.01058648151441 4.925162791940913
-3.1366 0.42212 2.6225 -0.064238 2.0387382670297995 14.617690671452863 -22.17586391444204
-1.8782 -6.5865 4.8486 -0.021566 18.703588757401164 -29.967583254650656 22.272285129151115
1.296 4.2855 -4.8457 -2.9013 -28.23235090249439 -4.064956630491107 -24.645279107393762
-5.873 9.1752 -0.27448 -6.0422 -22.504458231928375 -27.102818973261414 -22.84495100373457
-2.3797 -1.4402 1.1273 0.16076 -23.740570593110018 -3.417639120509854 -0.9408400818062965
0.20216 1.9182 -3.2828 -0.61768 -17.009866435904534 8.308160440778977 -12.41538791892729
-0.77995 3.2322 -3.282 -3.1004 -1.3564979393672374 -2.444308682763726 -4.173527822208122
-6.5084 8.7696 0.23191 -3.937 -29.272282763406604 16.316744103317887 -23.02508848713469
-3.3125 0.10139 0.55323 -0.2957 -4.938661518863398 -23.77073876169967 20.503194117188265
-0.75793 2.5349 -3.0464 -1.2629 -16.992805352783556 1.0788006603428784 10.572125634419912
-2.2173 1.4671 -0.72689 -1.1724 -4.272565358561955 -17.432662394306064 -25.731522829566284
-1.8629 -0.84841 2.5377 0.097399 15.763205474343316 -4.6677577903434155 13.828381804481516
-5.1216 -5.3118 10.3846 -1.0612 -22.353858974049054 -15.310278365801842 -24.81306865489476
-0.56877 1.4174 -1.4252 -1.1246 25.959710731065236 25.67312948393566 -17.508952951885913
-4.4861 -13.2889 17.3087 -3.2194 0.6921322587635572 3.2267087090975366 0.3585450874064726
-3.3604 -0.32696 2.1324 0.6017 -19.448940696439543 24.649213475393914 -24.241415377591498
0.030219 -1.0512 1.4024 0.77369 29.97751848990781 -18.51132790575811 26.74134967108907
-3.2692 -12.7406 15.5573 -0.14182 15.546478459892114 18.042249809503417 14.684249915863646
-1.3066 0.25244 0.7623 1.7758 19.18225144485615 -6.881868612720279 26.02361412040421
-0.55008 2.8659 -1.6488 -2.4319 7.198909623111156 -16.704586231655984 19.148248289944085
-0.77288 -7.4473 6.492 0.36119 3.42022537397569 -1.5690904854050274 -17.495030550604884
-0.63298 -5.1277 4.5624 1.4797 1.3529721668539487 23.59440006347345 26.135865717385293
-0.28696 3.1784 -3.5767 -3.1896 -23.99176905711832 -5.302475703178903 -0.5566883916492031
-1.4446 2.1438 -0.47241 -1.6677 16.888654195935658 -23.915426166070652 -13.995504213483837
-1.5449 -10.1498 9.6152 -1.2332 9.976106673302468 -29.364460200330686 -9.164890756203455
-0.81479 -5.7381 4.3919 0.3211 -8.530881007645345 -28.90839185070228 10.32878857647124
0.74521 3.6357 -4.4044 -4.1414 -5.78070960233131 14.77085447930616 -20.4211527102791
-1.3907 -1.3781 2.3055 -0.021566 0.5093459146156967 5.096934581875672 -14.283095351295557
-1.7322 -9.2828 7.719 -1.7168 -19.703795443941043 24.130882834523426 -17.168348137620498
2.031 1.852 -3.0121 0.003003 5.133470129360667 5.994738903537609 26.720641573342796
-4.2249 6.2699 0.15822 -5.5457 29.117913861858383 -21.68793563992033 12.671701432575034
-1.749 -6.332 6.0987 0.14266 -14.105380247348133 -15.551517907292824 17.570081002262995
1.5631 0.89599 -1.9702 0.65472 -26.02984421708427 23.912525334074793 -28.591363559669357
0.89512 4.7738 -4.8431 -5.5909 26.76818265888013 -8.576148943361659 8.217130576626545
-2.8833 1.7713 0.68946 -0.4638 -7.660189005258612 -4.837791934392044 3.400595181282455
0.4283 -0.94981 -1.0731 0.3211 21.649695615018878 11.300200356727892 9.207628224609202
1.7425 3.6833 -4.0129 -1.7207 -20.439863149909993 22.615869030554556 -13.08672962438369
-3.6227 3.9958 -0.35845 -3.9047 0.0801025584244357 6.316421198156661 13.437624467016661
-3.9172 2.6652 0.78886 -0.7819 -2.041939795625357 -26.474696246165003 4.842240530113735
-0.49241 0.89392 -1.6283 -0.56854 -0.22109700931461163 2.247557236492966 -18.507985162634924
-0.10234 1.8189 -2.2169 -0.56725 -5.728751032831454 23.328595407245444 4.149125157281709
-1.8448 1.254 0.27218 -1.0728 -26.24683490828518 -5.324647474517008 18.170597353321234
-2.902 -7.6563 11.8318 -0.84268 -16.334140211519333 -2.797607836043518 6.575011717866062
-2.0529 3.8385 -0.79544 -1.2138 8.02409328145687 -14.793464244498008 25.92737998625941
-1.7279 -6.841 8.9494 0.68058 27.8030782756235 14.332225389326275 11.862053093037453
-3.1273 -7.1121 11.3897 -0.083634 -5.477319038943115 -22.95229369836276 29.183037362477897
-1.7697 3.4329 -1.2144 -2.3789 27.83174432808044 28.35104478334822 -13.572175218707255
-1.682 -6.8121 7.1398 1.3323 -14.332945015074568 9.37391975829717 -28.99280823805175
-3.1158 -8.6289 10.4403 0.97153 -27.308781689717172 -9.919958143241367 -1.8118599978766383
-1.6936 2.7852 -2.1835 -1.9276 19.188301568544013 25.88249656191241 -2.597398048103784
-0.092194 0.39315 -0.32846 -0.13794 15.498952430871554 -0.17458478772405783 -7.044733308501073
-2.2083 -9.1069 8.9991 -0.28406 18.756666280169092 -29.22233483564433 7.5888557588151215
-0.51003 -0.23591 0.020273 0.76334 27.77841080797893 27.521521172041872 -18.71879777987298
-6.3979 6.4479 1.0836 -6.6176 25.082149433309738 -17.51436276864733 -7.998906342978714
-1.1859 -1.2519 2.2635 0.77239 -23.916834384224757 25.792365936317744 1.4639583120418003
-3.3863 -12.9889 13.0545 -2.7202 23.189970597278226 18.85697725264322 4.293506126263644
-0.21394 -0.68287 0.096532 1.1965 -2.6855456350057416 18.77561862528765 -14.266804163533157
-3.8167 5.1401 -0.65063 -5.4306 1.0667033849580996 27.81032260740953 -12.87912312300518
-2.1786 -6.4479 6.0344 -0.20777 1.3617943159277814 -19.550487707755146 2.2725642529428427
0.0031201 -4.0061 1.7956 0.91722 6.19031605381587 9.49560002415459 9.705910783380268
1.2309 3.8923 -4.8277 -4.0069 29.66069542616021 0.5023586601992385 -9.722312427295904
-3.0799 0.60836 2.7039 -0.23751 -16.50364015824221 -20.879776773068627 -17.80874664369387
-1.239 -6.541 4.8151 -0.033204 -28.81572530872046 -27.5252997261264 -16.003549952783267
1.6799 4.2068 -4.5398 -2.3931 12.795577057089972 1.221854981333184 -4.810432041205203
-6.0598 9.2952 -0.43642 -6.3694 -15.34699550503265 -10.06674298212831 -23.257956448206198
-2.0336 -1.4092 1.1582 0.36507 -13.147159251266938 2.50735710426369 -15.755470872223663
0.75108 1.9161 -3.1098 -0.20518 23.59679597910312 22.781080651629416 -19.504259589574744
-0.55648 3.2136 -3.3085 -2.7965 -20.892077534579155 1.6303717846273393 4.609067226557265
-6.7526 8.8172 -0.061983 -3.725 10.35240892185368 9.649344966908835 -3.719971695922741
-2.9883 0.31245 0.45041 0.068951 -5.596104372480269 -21.135209565029413 26.35969108445589
-0.46651 2.3383 -2.9812 -1.0431 24.94505337646315 26.92046772230222 18.962428202542903
-2.1234 1.1815 -0.55552 -0.81165 24.78427906792384 -27.275989071738913 -8.02758058618322
-1.4233 -0.98912 2.3586 0.39481 12.177847873573455 9.79939820694954 -27.560962774197108
-4.7331 -6.1789 11.388 -1.0741 18.67549008033935 25.240585684901127 18.392447711080585
-0.036127 1.525 -1.4089 -0.76121 -26.637853513461945 -13.494052152383865 -13.360828593776674
-3.8203 -13.0551 16.9583 -2.3052 25.567356291463213 15.967997148353234 26.89223569128238
-2.899 -0.60424 2.6045 1.3776 -6.77119824159378 7.38023670237574 -19.938952365881047
-0.17296 -1.1816 1.3818 0.7336 -18.029045398478175 2.612547262415063 23.593969373951488
-3.5713 -12.4922 14.8881 -0.47027 10.282771726922185 -21.950326245705945 -1.0007466566865695
-1.8483 0.31038 0.77344 1.4189 -17.516293766998835 -23.253334079990648 3.873503945845947
-0.50816 2.868 -1.8108 -2.2612 21.165667361980113 -17.784956237735134 1.4786816581517002
-0.90784 -7.9026 6.7807 0.34179 -11.503060675637087 -29.786302271653685 1.107831380794746
-0.93587 -5.1008 4.5367 1.3866 20.865632503963276 -10.37490751186013 11.217992372943158
-0.8172 3.3812 -3.6684 -3.456 -7.557602370423929 -16.539026796224128 11.756531177163701
-1.2792 2.1376 -0.47584 -1.3974 16.156401793764353 -21.82880429184202 6.473151122913158
-1.7713 -10.7665 10.2184 -1.0043 15.0981876920345 11.030472714091431 19.00463827643585
-1.1022 -5.8395 4.5641 0.68705 -27.847796705732296 -10.009622916686688 11.093908552305017
0.11686 3.735 -4.4379 -4.3741 10.993880350033194 14.881484764118305 21.80375441152158
-1.2369 -1.6906 2.518 0.51636 -23.603310765168363 -23.1530214944245 -22.902620596862082
-1.8554 -9.6035 7.7764 -0.97716 1.533221047055644 10.990873247428858 -27.430557201265337
1.5077 1.9596 -3.0584 -0.12243 -5.441073431082128 -25.78704427250561 22.7999446055885
-3.9934 5.8333 0.54723 -4.9379 4.600881690310295 -0.5223510550524253 -22.1235661142855
-1.7976 -6.7686 6.6753 0.89912 -16.867964544602827 -9.559381890989552 -26.92576053771344
1.0194 1.1029 -2.3 0.59395 29.929360553452874 6.559377403086025 -20.897022720503056
0.27331 4.8773 -4.9194 -5.8198 5.450534059897393 22.190293283798525 19.335603102725585
-2.7028 1.6327 0.83598 -0.091393 -21.66500032613954 3.8706680063301278 21.521888545920916
-0.014902 -1.0243 -0.94024 0.64955 14.084602243089059 -19.838217493263954 25.193262642827406
1.0637 3.6957 -4.1594 -1.9379 -16.418624347359597 -5.555673189459938 20.82991307906528
-3.9594 4.0289 -0.35845 -3.8957 27.78361154517696 13.211851751704927 3.5250707133849346
-3.7747 2.5162 0.83341 -0.30993 -27.876683580619904 -28.984415457995706 -22.516409427944325
-0.83535 0.80494 -1.6411 -0.19225 -3.5512009334686994 8.790500134624736 3.387621051090072
-0.60254 1.7237 -2.1501 -0.77027 15.392216685114889 -2.9692475719945186 3.5735250690771707
-2.0441 1.2271 0.18564 -1.091 17.1084245236734 -9.061108763433147 -8.913933234912413
-3.2305 -7.2135 11.6433 -0.94613 20.868855228306273 -11.747689725846794 28.22624445061689
-2.3147 3.6668 -0.6969 -1.2474 2.391146280142273 -1.7354622486236053 -1.7493106857047849
-2.0066 -6.719 9.0162 0.099985 -20.925839969507557 6.695093412837551 -17.001580837370508
-3.6012 -6.5389 10.5234 -0.48967 24.506884447383158 -16.73640317901607 -25.211390974455007
-0.82601 2.9611 -1.2864 -1.4647 20.036857661698917 24.71012211674128 -27.606175036711203
-1.4454 -8.4385 8.8483 0.96894 -26.644860051078165 -13.53539180306666 -2.5681698592144926
-2.5373 -6.959 8.8054 1.5289 26.500406447516795 -23.568485986891712 -7.655427412627567
-1.7064 3.3088 -2.2829 -2.1978 10.100645347159869 22.564910713463526 -12.131092649032208
0.37637 -0.82358 0.78543 0.74524 8.332606515582945 -20.342042919524538 -17.448949876932215
-1.6001 -9.5828 9.4044 0.081882 13.293282579482685 -1.6405460946530717 -23.9427073997307
0.12126 0.22347 -0.47327 0.97024 -3.6227920114514376 -11.992771684749638 -9.44495496957649
-5.119 6.6486 -0.049987 -6.5206 -21.390166857705353 17.18118295105144 16.645792587986485
-0.69879 -3.3771 4.1211 1.5043 3.121911747095055 -7.783019728677761 -1.2962374922937876
-2.6649 -12.813 12.6689 -1.9082 -21.648186924183886 -15.850700760828811 -1.149824920710607
0.518 0.25865 -0.84085 0.96118 -16.4426327876283 -11.83373268251163 10.569462323649539
-2.9821 4.1986 -0.5898 -3.9642 26.455056357315073 -8.12794536239591 -0.45851881485239687
-1.7101 -8.7903 7.9735 -0.45475 27.849312053534007 5.555324175173361 -26.57627024302158
0.74428 -3.7723 1.6131 1.5754 -25.624288970031067 1.665492291439044 -11.17431469682207
1.164 3.913 -4.5544 -3.8672 6.071447039722997 2.112461251728355 -27.904841197746176
-2.5919 -1.0553 3.8949 0.77757 -14.195191162750259 17.727650065809847 10.467120260229564
-0.71868 -5.7154 3.8298 1.0233 6.0428389231732 -24.27799469789084 -9.73816501894012
2.1943 4.5503 -4.976 -2.7254 9.844323356250122 16.107479095332913 -12.75981451367057
-5.637 8.1261 0.13081 -5.0142 -13.57599527081069 9.634846873794949 15.450846601200105
-1.6706 -2.09 1.584 0.71162 2.3749157132736514 22.775501911674368 -26.16538276510284
1.2198 2.0982 -3.1954 0.12843 29.268068673364922 -5.197420704034485 7.421885323036172
-0.40857 3.0977 -2.9607 -2.6892 -13.063226042858684 14.177271063922 -3.3207841058070855
-6.3679 8.0102 0.4247 -3.2207 -13.828873301755621 7.944864235627897 -10.393066736628398
-2.6864 -0.097265 0.61663 0.061192 -3.9681318084198622 3.7790026520838182 -9.427349505497624
-0.29858 2.4769 -2.9512 -0.66165 0.6516266393542942 11.049149928168191 18.59041364964459
-1.9881 0.99945 -0.28562 -0.70044 16.465668958239853 -14.292366909135804 16.188543053750607
-1.4375 -1.8624 4.026 0.55127 -10.125034829859395 -0.6678373386702674 29.27046295123064
-4.6765 -5.6636 10.969 -0.33449 10.66991778792346 -1.0430008073034571 -13.43756458332836
0.26637 0.73252 -0.67891 0.03533 -17.88799133435031 -11.159666385210151 -13.153956943334563
-3.5985 -13.6593 17.6052 -2.4927 -21.095801931848627 4.650602336183411 0.056458404586472
-2.3629 -0.10554 1.9336 1.1358 -10.25577822224361 15.09104843684252 -0.07442238517007382
-0.40951 -0.15521 0.060545 -0.088807 -21.778023210772297 -24.94849452315627 26.22097442294747
-4.0214 -12.8006 15.6199 -0.95647 29.46472760359113 13.13612643350168 -5.230803686474534
-2.0046 -0.49457 1.333 1.6543 11.566086432816746 10.017995709747915 5.501979935082602
-1.6386 3.3584 -1.7302 -3.5646 24.70650425582511 21.703990263867937 24.851239998043212
-1.5877 -6.6072 5.8022 0.31593 -3.2113669494770427 -3.4680086954673044 15.942153293945474
-1.5228 -6.4789 5.7568 0.87325 3.4828158308110915 -14.928609447558522 26.620678786519974
-0.49081 2.8452 -3.6436 -3.1004 29.067872620225536 28.207550234604675 -14.107422527804683
-2.4621 2.7645 -0.62578 -2.8573 26.99643711238499 12.776027663956562 4.896769584222511
-2.3221 -9.3304 9.233 -0.79871 -20.42592678495916 7.797201715959162 18.304867674654197
-1.6988 -7.1163 5.7902 0.16723 -7.350210668826925 -9.817399610374164 13.253215800116934
0.33325 3.3108 -4.5081 -4.012 -28.19188219458609 25.140483826996608 18.307552866029482
-2.3142 -0.68494 1.9833 -0.44829 24.176853317427252 -10.55083753794062 19.74085363067484
-2.7611 -10.5099 9.0239 -1.9547 -14.911493230876584 -26.069774906556077 -15.430703464453794
1.0117 0.9022 -2.3506 0.42714 -4.125347280557897 -13.80216628132819 -20.234999219853695
-5.2049 7.259 0.070827 -7.3004 13.628119617203986 -27.300907109135164 9.537013063172061
-2.565 -5.7899 6.0122 0.046968 -27.724562563887165 -4.330118662289916 -0.6227412237786787
0.7049 0.17174 -1.7859 0.36119 6.137616536498967 -23.66172049528015 -27.306542464637932
0.6818 4.8504 -5.2133 -6.1043 14.391726598277707 26.325273341674666 6.1550956904947896
-3.8053 2.4273 0.6809 -1.0871 0.5263034201972232 15.039170751665182 -20.51190471691571
-0.87874 -2.2121 -0.051701 0.099985 1.498559507802689 -24.918889622404095 15.938910651357325
0.98296 3.4226 -3.9692 -1.7116 -7.378182248492159 12.467496007951837 -1.3425334576275887
-3.8552 3.5219 -0.38415 -3.8608 -27.856228497931365 10.253634090965178 -29.969435391799305
-4.7462 3.1205 1.075 -1.2966 5.74990812446822 29.89246338065658 -29.79026792884683
-1.7549 -0.080711 -0.75774 -0.3707 -12.277303656459843 5.025107696890963 27.267701610710795
-0.89542 2.0279 -2.3652 -1.2746 18.034982863294424 -12.947715320998402 8.947510103401711
-3.2778 1.8023 0.1805 -2.3931 -24.3408189586 10.431474771837635 -16.82141760221385
-3.5895 -6.572 10.5251 -0.16381 28.885133443723653 -8.113362220318692 11.607363748819544
-3.5741 3.944 -0.07912 -2.1203 -22.700978267340517 14.637801208090316 25.520419603812783
-2.2617 -4.7428 6.3489 0.11162 -29.17632986622644 22.312416144350145 9.21210686728935
-4.0218 -8.304 12.555 -1.5099 -18.217647021906053 20.75567463302167 -9.977315769709513
-2.4941 3.5447 -1.3721 -2.8483 28.487956500079513 6.908557498062564 -3.6393449934634177
-2.5665 -6.8824 7.5416 0.70774 8.83866027271251 -24.389512101226995 -21.656973548070614
-3.7573 -8.2916 10.3032 0.38059 -22.06903062466437 -6.122816899286548 5.727963379555575
-1.9725 2.8825 -2.3086 -2.3724 -20.697652576012935 -27.120185416287896 -1.9590269107250933
-0.82053 0.65181 -0.48869 -0.52716 29.580307594102287 -21.923715920707302 -15.615681615647796
-2.9138 -9.4711 9.7668 -0.60216 -10.343379680194353 1.4520437521338678 12.72189148758271
-0.8734 -0.033118 -0.20165 0.55774 -24.031183535024056 0.5266098822550056 29.343309658821582
-6.7387 6.9879 0.67833 -7.5887 -19.085474756023157 16.71905870789012 -16.005404459768265
-1.6641 -1.3678 1.997 0.52283 -5.6197705167573595 17.229878210190833 -14.641761814507124
-3.793 -12.7095 12.7957 -2.825 -4.221260086872945 -16.43458076134435 -7.86516645377495
-0.69078 -0.50077 -0.35417 0.47498 1.4404919681978328 15.756814073681937 -20.800201958988772
-4.3967 4.9601 -0.64892 -5.4719 0.4111673624974017 25.3604780089902 -11.77660417789253
-2.62 -6.8555 6.2169 -0.62285 20.980826505596355 25.6703483381049 2.9324932272548665
-0.71494 -4.4448 2.2241 0.49826 -18.51551109541397 21.032197794134177 -10.956684411941765
0.61652 3.8944 -4.7275 -4.3948 26.630164087098372 -29.6515587262706 1.6027078544152076
-3.5798 0.45937 2.3457 -0.45734 -9.866497594657478 4.964211784606945 -17.874662595096392
-1.8356 -6.7562 5.0585 -0.55044 -23.99256306504776 11.148853316215032 28.30901378652611
1.3403 4.1323 -4.7018 -2.5987 -11.271693178677396 28.835739679340215 -0.46308034857114677
-6.5235 9.6014 -0.25392 -6.9642 13.116016086139233 6.98311247175198 -14.106350366519383
-2.564 -1.7051 1.5026 0.32757 2.8652604891878184 26.158233779370264 -19.192227335839377
0.23874 2.0879 -3.3522 -0.66553 -19.302265389632236 -23.278341079229847 7.5353960526944235
-0.77848 3.4019 -3.4859 -3.5569 2.3357008465210995 -28.86612913904058 3.0361463448083725
-7.0421 9.2 0.25933 -4.6832 13.836958621625485 -21.748624379961203 25.454292396399502
-3.5359 0.30417 0.6569 -0.2957 -19.39669898404553 26.817634816319078 13.436114233861517
-0.88728 2.808 -3.1432 -1.2035 -24.038343960534974 28.106800893014267 -28.443734335798794
-2.4458 1.6285 -0.88541 -1.4802 0.7121565834735968 8.811381089799447 7.816383851353194
-2.2811 -0.85669 2.7185 0.044382 -17.154351948224665 -22.817290432960913 -10.03137695137341
-5.0676 -5.1877 10.4266 -0.86725 -8.407597661946852 -11.802356111932383 29.635273267523644
-1.1306 1.8458 -1.3575 -1.3806 -1.129733365267949 13.483300304005517 -23.72707471139286
-4.4775 -13.0303 17.0834 -3.0345 -23.034671994316774 20.235641406723452 -23.52924027902713
-3.38 -0.7077 2.5325 0.71808 4.680859122504302 9.092418205139566 -17.10847742161475
-0.77688 0.13036 -0.031137 -0.35389 -0.3434723398279864 7.033261917240644 8.373851295479795
-4.5531 -12.5854 15.4417 -1.4983 16.17235513951436 -28.18738254400794 -26.098870249662923
-2.5084 -0.22763 1.488 1.2069 1.349055293862147 -13.439553812232546 -22.05361373044895
-1.8974 3.5074 -1.7842 -3.8491 4.925327918180066 29.81209804489137 4.635397684041735
-1.8387 -6.301 5.6506 0.19567 15.304145242941352 -27.1500491028007 25.9263735819669
-1.9116 -6.1603 5.606 0.48533 -23.78369705931933 12.404113967978091 27.71201545259877
-0.87834 3.257 -3.6778 -3.2944 -27.777596513366866 -10.601494526160007 29.382928236998893
-2.5463 3.1101 -0.83228 -3.0358 18.424150354300366 -10.901707417087636 -15.568572744040878
-2.4554 -9.0407 8.862 -0.86983 -4.862185917480748 -13.90786407357579 3.386479355649172
-2.1241 -6.8969 5.5992 -0.47156 -12.391650481421436 16.54514485289738 29.264066489812727
-0.071503 3.7412 -4.5415 -4.2526 22.84195239142531 -19.409318906691624 15.089876488772681
-2.3675 -0.43663 1.692 -0.43018 28.875373915186927 7.743885235495419 -19.25145645049356
-3.0986 -10.4602 8.9717 -2.3427 -13.404277742807004 -11.723818441409232 -28.348269084595774
0.56232 1.0015 -2.2726 -0.0060486 -14.27774192171144 -9.081135896423255 28.2310879878994
-5.3012 7.3915 0.029699 -7.3987 -2.416843456167598 -26.151805410169295 -17.244158973200122
-2.7908 -5.7133 5.953 0.45946 -19.65950914823245 -6.646791680139572 -25.758956828194925
0.15423 0.11794 -1.6823 0.59524 -29.406909885869915 -12.620409615476586 19.62373270426469
0.2952 4.8856 -5.149 -6.2323 21.88474051401908 23.328420331254435 23.653250743420813
-3.9933 2.6218 0.62863 -1.1595 -13.38828919148417 -27.027101857739638 28.026821540968655
-1.4094 -2.1252 -0.10397 -0.19225 -22.42178465680991 -16.71958193183398 24.616043496174882
0.52374 3.644 -4.0746 -1.9909 0.7340068423020121 11.6258700433808 -17.825374493220238
-3.9698 3.6812 -0.60008 -4.0133 11.727790366303026 -11.03671183543851 -9.97014358300341
-4.9447 3.3005 1.063 -1.444 -26.15676711585936 -6.874758128337703 7.1019405325122875
-2.1674 0.12415 -1.0465 -0.86208 7.805167943446108 18.193048772307257 18.175792134074804
-1.0802 2.1996 -2.5862 -1.2759 11.360933217349526 -20.72013536884505 18.53371387921308
-3.7244 1.9037 -0.035421 -2.5095 12.827804731437809 -14.066272752709448 -23.15445305837463
-3.9297 -6.0816 10.0958 -1.0147 -13.795907176389829 -8.828308550747717 -21.63298559122768
-3.8953 4.0392 -0.3019 -2.1836 11.909821159683695 2.8837952901355806 13.576233091941688
-2.6406 -4.4159 5.983 -0.13924 10.72347231485196 -4.2208762126989505 27.083126871962335
-4.2887 -7.8633 11.8387 -1.8978 -29.246479236205136 3.8743672544678134 -18.192080478562115
-1.1188 3.3357 -1.3455 -1.9573 -19.116601479801616 17.94605195900172 20.91313297962185
-1.5078 -7.3191 7.8981 1.2289 8.345485866370744 -7.490386653748985 -11.963796108635478
-2.9498 -8.273 10.2646 1.1629 -16.625203779862186 -14.151468499315556 16.903462945788092
-1.2667 2.8183 -2.426 -1.8862 26.130576157976826 12.756064410933384 -17.925112965669385
0.66365 -0.045533 -0.18794 0.23447 1.437957411537159 -13.913015740788154 5.683980743980214
-1.9966 -9.5001 9.682 -0.12889 19.27024235653412 23.51868553009008 -9.433502039893803
-0.025314 -0.17383 -0.11339 1.2198 -5.110121371064814 -25.272541843002767 27.80983002675311
-5.525 6.3258 0.89768 -6.6241 29.117418887902623 -24.088947118593985 -21.37599272506084
-0.24037 -1.7837 2.135 1.2418 -4.018489186071861 -9.349124851449648 27.883550157022043
-2.9672 -13.2869 13.4727 -2.6271 5.54704681403426 26.318505158142536 -22.78024876779169
0.22432 -0.52147 -0.40386 1.2017 -22.46627388478521 16.08547462524185 -21.813392678466553
-2.8619 4.5193 -0.58123 -4.2629 12.606740264779937 -17.836497327694794 26.532822659721745
-1.5681 -7.2446 6.5537 -0.1276 6.801105608304134 -11.619559275699984 7.702060349290214
0.2346 -4.5152 2.1195 1.4448 -2.6899661244602022 -26.528215132378467 17.030681917930735
1.5514 3.8013 -4.9143 -3.7483 3.19942807660469 24.580619027162903 2.3686442851622473
-2.2625 -0.099335 2.8127 0.48662 24.749328150368157 -25.070046145177916 -23.65666276364064
-0.95923 -6.7128 4.9857 0.32886 5.909642520383578 23.424884311845503 -28.288438429055848
2.2279 4.0951 -4.8037 -2.1112 14.403728204160608 -20.455098140575167 -7.127441765702621
-5.3857 9.1214 -0.41929 -5.9181 8.751531651724477 5.15177998483928 -29.722823456532613
-1.5851 -2.1562 1.7082 0.9017 13.333492914995198 19.835144318306725 -26.445948505463303
1.3183 1.9017 -3.3111 0.065071 9.191108745665872 -16.08421291920593 9.844295783526057
0.11592 3.2219 -3.4302 -2.8457 17.802108626525722 -28.344994935901763 -2.814019313965616
-6.1632 8.7096 -0.21621 -3.6345 -10.188498843629002 4.116660760258597 23.294312121809384
-2.5899 -0.3911 0.93452 0.42972 -10.873533522232314 -24.10979592892385 29.697413204151786
0.066129 2.4914 -2.9401 -0.62156 22.334720207572126 -0.7482779531941652 13.330939981126804
-1.5732 1.0636 -0.71232 -0.8388 16.67875062671059 25.791612208096033 10.233778622624513
-1.1667 -1.4237 2.9241 0.66119 21.684501890133774 -14.349954696519578 -14.697394769020832
-4.5046 -5.8126 10.8867 -0.52846 -24.731592773993533 23.649673102612965 17.507959627874826
0.40614 1.3492 -1.4501 -0.55949 -7.3462021834515845 -3.6308893796783828 18.28495569007626
-3.7503 -13.4586 17.5932 -2.7771 19.056344084981113 27.41376915377549 0.4637212861462068
-2.5419 -0.65804 2.6842 1.1952 4.393948420108806 26.82944645730906 1.922538695094559
